Timeout (ms),Bio IK,Fusion IK,Fusion IK Iterative
0,2.034982801100347,,
1,2.5919355322015702,2.5392229346301485,2.5908291736506626
2,2.5570744143005553,2.4929599550192303,2.529643795794685
3,2.5155873695696362,2.4682800921128156,2.493976142316913
4,2.4684292144025806,2.428253906300103,2.4786225017626875
5,2.4259311390883216,2.3941011310150015,2.465184433978189
6,2.398153450086601,2.3553324746215294,2.4523417717205116
7,2.3694991955187343,2.3275111763508605,2.4368696475304876
8,2.340428923305938,2.311015625025869,2.421608190563596
9,2.3210611405921937,2.284036684534211,2.3970563285453004
10,2.3020314169654807,2.266532547392508,2.385392557915021
11,2.287061052805636,2.2522141491955394,2.376773613614182
12,2.270459625647648,2.2418597407045584,2.363857552184942
13,2.253554713017738,2.2294313891804887,2.3484146192835125
14,2.239400792357788,2.218149644655175,2.3362964131455697
15,2.232728809512571,2.208471797115519,2.3199353254065374
16,2.22450848073974,2.1983967765785524,2.3107756642825836
17,2.2146426257264356,2.189927657284901,2.2994997634479417
18,2.2053475155168054,2.1850456689310316,2.2931746814852
19,2.1949350547884667,2.1770842296279467,2.2827534297352994
20,2.188123495264016,2.172512903260723,2.276241366679321
21,2.1801938595781825,2.166485285807101,2.2668455835880503
22,2.170530862215882,2.1625276801204354,2.2573028250171077
23,2.1641601917874023,2.1577083537597477,2.249387949948455
24,2.1590917651174064,2.1543458242844946,2.243125391075304
25,2.155128939606172,2.148630282741046,2.2403970873460186
26,2.151048761411712,2.1446938517365584,2.2309641751610747
27,2.145920500534103,2.1392215864043473,2.2242280692404797
28,2.1414269059673416,2.135512472879689,2.219105803431456
29,2.13534643007729,2.1316344503543543,2.2137285861719542
30,2.1341678535424298,2.127850199314164,2.207154512666949
31,2.1301739606012378,2.122742896967494,2.203353159390973
32,2.125270511965416,2.1189923784142355,2.198652678555573
33,2.1225595476263717,2.1155280949920274,2.1935794438636433
34,2.1189499304842614,2.113673957159335,2.1884832065033297
35,2.1162404609027323,2.109761788575187,2.185097959229782
36,2.112740499180286,2.107171288110903,2.182634083249192
37,2.109529920171812,2.1054141171957084,2.17764702803521
38,2.106913519102728,2.1028480230183546,2.174358954293645
39,2.1041915717551607,2.100443120109368,2.1705498316019325
40,2.101450771316259,2.098239681500719,2.1670880753465847
41,2.098433163101767,2.095971951449193,2.1642564069122114
42,2.0963356453835895,2.0924709232638237,2.162174024154313
43,2.093684690132256,2.090671183684188,2.1613975283473703
44,2.0914070349039897,2.089156411884748,2.159491592001231
45,2.0890654246233082,2.0872817816617117,2.158857614962597
46,2.0888110447643276,2.0860859912077214,2.1580672224965514
47,2.086053678289473,2.0842697727309267,2.156421646078158
48,2.083869671777611,2.0834125924271434,2.153959895037349
49,2.081875786165418,2.081304307187465,2.152644596743928
50,2.0787427668803518,2.079669864164539,2.15121805939636
51,2.0765803917160834,2.0779839929335973,2.1489923598263254
52,2.0749266512418436,2.0754983894631214,2.147233992202762
53,2.0744386064962246,2.0740057367705518,2.145025339163167
54,2.0736114684655584,2.0726440047507193,2.1435438104853555
55,2.07229511752626,2.0715731149124816,2.1425250821630932
56,2.0705404585145666,2.070699156822362,2.140048503456433
57,2.068858050344881,2.069838331097061,2.1367318089969998
58,2.068295322164625,2.06879341975113,2.1344048050971227
59,2.067947658036027,2.0668938472670892,2.133029196456738
60,2.066793128120444,2.065154233129302,2.1318080396923302
61,2.0655326363211963,2.064309740169115,2.1304466500512294
62,2.0653089299039307,2.0627638584275387,2.130136550723329
63,2.0638107711030433,2.0617622309200105,2.1285855620804823
64,2.0619443587567283,2.0604604119352707,2.1260979067434786
65,2.0608644947682855,2.059213442186621,2.1235848442765475
66,2.0595545675196947,2.058389536061541,2.1219419458663893
67,2.0590464243814326,2.056644357407851,2.1205210400942995
68,2.0568879681869574,2.0556799124424514,2.1196891709927246
69,2.0559334639881763,2.0546510730060725,2.118810019920623
70,2.054274705668366,2.0534259905517205,2.1179488112368463
71,2.0529622968185612,2.052955629298192,2.1161200057807785
72,2.0515716258062016,2.0519968251282634,2.11447894458723
73,2.050603858322036,2.050852202579355,2.1132264501586975
74,2.05125766760052,2.050516844802525,2.113084174246102
75,2.0513684586798084,2.0497639689617917,2.111867194753348
76,2.050319333591475,2.0482323328973258,2.110430134797193
77,2.0496577887256024,2.0475597741331235,2.1092518944038336
78,2.049267176174101,2.04746206187512,2.1082115935870127
79,2.0485240187465443,2.046106052407411,2.1073736919505026
80,2.047774321869542,2.045169485941387,2.1057643687560192
81,2.047008643674293,2.044285608672255,2.104295453415813
82,2.0459961464745144,2.0437015922662063,2.102667002373866
83,2.0452239032568302,2.0419638430437272,2.1020948150188596
84,2.04434370874857,2.041109593478651,2.099563920967321
85,2.0441151906990904,2.03981568421176,2.0988544198203254
86,2.0432040121590798,2.0387526020184277,2.098071678212896
87,2.0426205427407846,2.0382796903790728,2.09743507379861
88,2.04188419702922,2.037343169481005,2.095422574737134
89,2.041192140738962,2.0373093785701726,2.094552296297521
90,2.040161917955692,2.0367930549938693,2.093512060491972
91,2.0400531444423216,2.036051710434678,2.093198953516955
92,2.03912167967347,2.0350192729484466,2.0912984208591987
93,2.03853132668947,2.0343329198287416,2.090542415788391
94,2.03783932656565,2.03392482191506,2.0904692878516657
95,2.0365356234596788,2.0333548596190254,2.0895265867677026
96,2.0364851683434493,2.0322758325021923,2.0890570684888705
97,2.0360478534927298,2.0313657995000556,2.0878226228675363
98,2.035578529839277,2.0304977711897565,2.086806269557626
99,2.0350592574047663,2.030047531755135,2.086261654070339
100,2.034549519108751,2.0294050730696673,2.0856019495124483
101,2.0337803132509755,2.0288832300310164,2.083672728236943
102,2.033528482349431,2.0282543724705575,2.082670562374026
103,2.0325625976228476,2.0275840361646393,2.0809978759606556
104,2.0322200391496734,2.027009213516696,2.0801994729560267
105,2.0318975927670966,2.026090753714479,2.0802842526949648
106,2.031275494753601,2.0258666117368658,2.0799534330685066
107,2.0310121796511997,2.025477535900258,2.07958168747753
108,2.030893513687346,2.02486494681363,2.07902256981279
109,2.030385935145608,2.024392393170294,2.0782489971748714
110,2.0295278805798533,2.024248289783299,2.0772990150409845
111,2.029514708469459,2.0236780894868143,2.0766852363901203
112,2.0293477536263445,2.0232290639073494,2.0759624684177056
113,2.028588091704299,2.02226700353353,2.075498613000795
114,2.0281833133407283,2.021819539033839,2.0748687934892938
115,2.027283387730556,2.0210200124249487,2.0742395694612954
116,2.0268126476551376,2.020702221186112,2.07298369950325
117,2.026699330203906,2.0203792861177337,2.0721087444880077
118,2.0264814224839607,2.0197374813220015,2.071260615643455
119,2.0258480168471444,2.019564191418827,2.0708768492347747
120,2.025735971261752,2.019385407253094,2.0704306421188248
121,2.0253626954383708,2.01924048963693,2.0699642203193833
122,2.024672875408351,2.0192560371373416,2.0697914043990626
123,2.024677121309723,2.0187000230126073,2.069535407017916
124,2.0235668030020997,2.0187925213301883,2.0693572582742648
125,2.0232339076004244,2.0183111018886977,2.0689870018949077
126,2.022854176930801,2.0179952485305117,2.0681834204581744
127,2.022201076765749,2.017665502858609,2.0675545627413303
128,2.0218149809226587,2.017439000616941,2.0668220392266594
129,2.0213199212218376,2.0170537742370054,2.0662144936563753
130,2.02105300067046,2.0170707705507036,2.065824287422651
131,2.0207001901240793,2.0171569262752165,2.065918911055513
132,2.0201827478780907,2.016605203027884,2.0650854289419036
133,2.019885354856254,2.016445520582166,2.06385353840031
134,2.0194871464123376,2.0161865187672476,2.063626961325155
135,2.0192490329482284,2.0161052681217013,2.063250272385087
136,2.018956926958653,2.0152974559933843,2.0625055033623996
137,2.0187101068589732,2.0154357730572356,2.061929144348623
138,2.018424499477939,2.0153775245228576,2.0611219269954404
139,2.018364429236376,2.014755547964189,2.0607443823945117
140,2.0180137315411533,2.014148623410231,2.0603604967003104
141,2.017735487578604,2.0139211975910016,2.059941444228159
142,2.017072694260272,2.013578447302481,2.059803220371875
143,2.016943990516692,2.013225996215716,2.059881715181829
144,2.016441009186407,2.0130476166669196,2.05938557381645
145,2.0162757082625986,2.0127700803913675,2.058932776235911
146,2.0156188218068944,2.0118486966040856,2.0587714701622937
147,2.0155639929636187,2.0117875635826894,2.0582423222363193
148,2.0145932881151256,2.011248729379528,2.057497193807502
149,2.014333133188127,2.01103009847268,2.0572018347975973
150,2.0140913398336497,2.011066984530824,2.0565929623152868
151,2.0138347838285977,2.010882716130917,2.0561752878607944
152,2.0131833247998148,2.010515732147141,2.055686433931181
153,2.0126184661372912,2.0102242795144747,2.0555553868431677
154,2.012343725836615,2.0099212353477,2.055123682082827
155,2.0118186821167297,2.0092060785621975,2.0547763963078043
156,2.0116156049222855,2.008639503856412,2.05449938029149
157,2.0112998603155257,2.0085787476547643,2.053983788600002
158,2.01098308947444,2.0084522171653205,2.0536893185167506
159,2.0107020960146755,2.008220734162904,2.053538652128429
160,2.010718953968453,2.0075392678876263,2.053140991945789
161,2.0104339526627832,2.0074570289983167,2.052391339941719
162,2.0103293447435564,2.0071234913133815,2.0522394170433156
163,2.0099720277360325,2.0068993960944095,2.0509541184691926
164,2.0097588486098665,2.0068331630667577,2.050595254719758
165,2.009558425387676,2.006458094106217,2.049885978965378
166,2.0091484313045536,2.0057001929082157,2.0491821519103346
167,2.0086867052683806,2.00535987134681,2.0488038923809913
168,2.008356265175574,2.005182793984256,2.048446379612291
169,2.0080660363046707,2.0052611146459025,2.0480810779138476
170,2.0076031005678048,2.005237807445733,2.0480699501004134
171,2.007353673742731,2.004951120976179,2.0478516239777234
172,2.0071827360290873,2.004885546728161,2.047411776344534
173,2.006906799881663,2.004706359411675,2.0470499510050386
174,2.006583580630683,2.004710266561989,2.046596631157367
175,2.006589035123541,2.004593459238846,2.046029651874479
176,2.006300113089666,2.004525650140663,2.0457914052325887
177,2.00571662011778,2.004457900051779,2.0452537939113165
178,2.005398774793944,2.0039676198572445,2.044905638654286
179,2.005344720800436,2.003727499630439,2.044315534091065
180,2.004965667006311,2.0035245896808136,2.043391522365236
181,2.0048448560642256,2.00316484562328,2.0432990304374883
182,2.0040539835271147,2.0029916588838845,2.043103134986714
183,2.003847481761395,2.002795055650681,2.042747606515302
184,2.003633833400461,2.002487938031129,2.0421714958716066
185,2.0032215786438687,2.0023771283233094,2.041950509465823
186,2.003320405282488,2.0020333288401346,2.0415694809877825
187,2.003214831291683,2.001860451866513,2.0412407800566883
188,2.002902159457939,2.001765653032038,2.0410361395721184
189,2.0025889093168896,2.0013893506360514,2.040904632250195
190,2.0024076100802164,2.0013011371757563,2.0399907470894187
191,2.0023595584686107,2.00096142665453,2.0398314548052836
192,2.0017328218184485,2.001054128567514,2.0398007132004685
193,2.001774604486168,2.00067681980646,2.0397945752290476
194,2.0014952251872575,2.000257189527146,2.039579873714953
195,2.0016484107153554,2.0002234906904746,2.038623339242451
196,2.0014762832073463,2.0000045653396725,2.038279072403749
197,2.0014391162766074,1.9998496365660625,2.037666461272565
198,2.0012571611445282,1.9996102862696865,2.037125974861515
199,2.000803482738292,1.999378144776209,2.036962470837786
200,2.0007852156061467,1.9991896384907188,2.036714078667045
201,2.000587763728133,1.9991350771775562,2.0367102832110775
202,2.0003092466015238,1.99902666926956,2.0365959654174417
203,2.0001238409911726,1.9985767396076828,2.036434788812814
204,1.9999740817787848,1.9981146097477096,2.036162102538724
205,1.9996863850575273,1.9978144200186265,2.03586751515237
206,1.9996038832748777,1.9977055848237801,2.0357741619163736
207,1.9988984008077604,1.9971824867761956,2.035465562995056
208,1.9990508405849965,1.9970655650450497,2.035230671916855
209,1.9986975858089582,1.9967007315400322,2.03508463075187
210,1.998507423683234,1.9967597382944544,2.0346959089584957
211,1.9983304542860345,1.9966462917397112,2.0343988141507716
212,1.9982229260078697,1.9966455818048223,2.0339071952556225
213,1.9981520376620063,1.9964273179363459,2.0337580611800234
214,1.9980680071114711,1.996036142909308,2.0335701994125
215,1.997911625281462,1.9957754428126264,2.032991162920416
216,1.9974444923587777,1.9956751283386758,2.0325467324647435
217,1.997091532068023,1.9954197909581126,2.032683979781627
218,1.9968607972552417,1.9955427183615235,2.032534954688501
219,1.9967765163080498,1.9954482844717347,2.032190649933183
220,1.9967190377338147,1.9951502074532048,2.032211623143137
221,1.996718026573292,1.9948864213089939,2.031953645600398
222,1.9967690368845312,1.9945844810181388,2.0318776173997004
223,1.9966235390008935,1.9947453547780885,2.031482306615371
224,1.9966227448765592,1.9943476426318731,2.0315396879514998
225,1.996413278490151,1.993985209071867,2.0312900432251073
226,1.9960143630088254,1.9938740358155913,2.030811729717398
227,1.995361976493721,1.9937870240601672,2.0307029877729716
228,1.9951177914262634,1.993699876028643,2.03041144233614
229,1.9949564060408587,1.9933041090432757,2.030217468030499
230,1.9949320250120604,1.9929811168599536,2.0295792671645865
231,1.9947632479191217,1.9927964138381826,2.0291803446105905
232,1.9943565941453567,1.992315581160064,2.0292154715995503
233,1.9941376587002986,1.9928940659796763,2.0290463052715135
234,1.9940855339504235,1.9928071906436335,2.028878605954813
235,1.9936040885323276,1.9926871647793738,2.0293361236561687
236,1.993680545174132,1.9926324374086264,2.028698937359658
237,1.993517972821266,1.9927883510127404,2.028530385074224
238,1.9933284331753827,1.9926442658022707,2.0282580874610736
239,1.9931924410884436,1.9924737768743082,2.027759063753868
240,1.9932493662975546,1.9926057664200338,2.027479490377919
241,1.9931309746730246,1.9925560392679957,2.0274705103875075
242,1.9931417280423775,1.9924622934658263,2.0272114828351535
243,1.9931023834335824,1.9924158261306044,2.02699185817297
244,1.9929788950748117,1.9921058813974075,2.0267273732979665
245,1.9929613135204813,1.9920299371803107,2.026435679184199
246,1.992717041023875,1.9919544820283295,2.0261576912147077
247,1.9926592001307135,1.9918433967856168,2.026036590268624
248,1.992719555357607,1.9918337528169663,2.0259234976272418
249,1.9925866623943425,1.9918893731958895,2.0254056822530044
250,1.9924300878087255,1.991687201613767,2.0253021375133398
251,1.9925703870698348,1.9916379698033841,2.0249131815802066
252,1.9923931850045866,1.9912660381777902,2.0248722647282364
253,1.9923306668301848,1.991233223955388,2.024666520964439
254,1.9917123106729948,1.9910910896005378,2.024338640168126
255,1.9914738664660718,1.9908177140872862,2.0240720813291895
256,1.9914235950907284,1.9907345125159002,2.023949540381403
257,1.9912676425838272,1.9904860602236967,2.0237930276627316
258,1.9912036788911822,1.990360413995259,2.0235784279755418
259,1.9910631977453512,1.9900822654389245,2.02342548610797
260,1.9911159409691372,1.990075869706868,2.02341486781672
261,1.9908421382623833,1.989867069215516,2.023424137593954
262,1.9907308347091974,1.9898593828413198,2.023244206332615
263,1.9906819716877033,1.9898031745436306,2.0229766219518823
264,1.9903266386900869,1.9898298654384923,2.0228522297464813
265,1.9901305188733887,1.9895553530223098,2.0225118741214474
266,1.9899226895721522,1.9894881126795347,2.0221448266196145
267,1.9898436581100158,1.9892898254826905,2.0217352134939683
268,1.9897548163295762,1.988959692874106,2.0216646375955767
269,1.9895880125641114,1.988843512042819,2.021430193402027
270,1.9895208768980075,1.9884240658914853,2.021207962897681
271,1.9893905368368447,1.988433755238859,2.021016059746277
272,1.9892428683462478,1.9883272041505737,2.0209375085891494
273,1.9892381877089853,1.9880955468358736,2.0208280616432033
274,1.9890858121455415,1.988050147016101,2.0207632150236026
275,1.9891329011400645,1.988065861297833,2.0207672245058763
276,1.988995256611005,1.9879563874790742,2.020742561682931
277,1.9888139794559676,1.987895261602448,2.02072533285314
278,1.988642444192579,1.9878186920347027,2.020492646304712
279,1.9884481918339916,1.9876489684378686,2.0203540809743785
280,1.9881359570695596,1.987733026292394,2.0201266972535903
281,1.9879769527476372,1.987669976385961,2.020023869526772
282,1.987649303708449,1.9875645654601597,2.019955316783678
283,1.9876418241483629,1.987254267414906,2.0197452337765776
284,1.987545123578978,1.9871890020715175,2.0196433460175713
285,1.9872595730148668,1.9869211838908196,2.019419795639248
286,1.9871917224581939,1.9868927075087486,2.01931922332421
287,1.9871603987365332,1.9868892689821525,2.0189990332871792
288,1.987108067130226,1.9868480415733851,2.0189786344780236
289,1.9869497932888183,1.9870652400016378,2.018596174837421
290,1.986929361065576,1.9869336031833404,2.0186111111689864
291,1.9870985279034687,1.9869105958327131,2.018555522929065
292,1.9868987006806131,1.9868715115016382,2.0182006399461634
293,1.9867229009088005,1.986802685651294,2.0181464144541588
294,1.986655147424956,1.9867119760937164,2.0179430007893644
295,1.986653336301587,1.9866916792416434,2.0177161058568793
296,1.9866203281061976,1.9864905282195084,2.017301830952336
297,1.9866012605395875,1.9863415648220006,2.017184621397524
298,1.9863032826123936,1.9862082584701275,2.017017070021535
299,1.9860450521109554,1.9858447416929934,2.016726990165571
300,1.9859636109170078,1.985559824514376,2.016541915628799
301,1.985873179239048,1.985422327655757,2.0159297061166903
302,1.9858255030848335,1.9854341130164663,2.015755290403888
303,1.9859268982867975,1.9853123915430955,2.015630492580093
304,1.9860362850857478,1.9851926476766961,2.0154174127579703
305,1.9857572448421317,1.9851371811969163,2.0152139080794633
306,1.9856640510600232,1.9849685991813535,2.0148771671865466
307,1.9856635639355158,1.985016468549983,2.0146456719471573
308,1.9856630728699813,1.9848486091176145,2.0145184644521583
309,1.9854160168440786,1.9848313307743817,2.0142160040220554
310,1.985415847090804,1.9847077314286938,2.0139115678370754
311,1.9851468136065036,1.9846084004586264,2.014063741052474
312,1.9849940617458874,1.9844974522365564,2.013436936511807
313,1.9847521625073075,1.984093074540084,2.0131770291380096
314,1.9846610093439594,1.9840924656807584,2.0131138748331305
315,1.9844945373997662,1.9840043057317653,2.0130279967923768
316,1.984308825761616,1.9836230567034134,2.012812871719887
317,1.9840874080717765,1.9835515552739578,2.012634982698051
318,1.9839201353554305,1.9835016319522227,2.012645312365015
319,1.9838359131270498,1.9833939097568685,2.0125754162336005
320,1.983821967570069,1.983346063674869,2.0125454288207067
321,1.9836128215799853,1.9833452437100914,2.0123528741199492
322,1.9836116299546327,1.983329993942823,2.0118657548648566
323,1.9836620301184724,1.9832535551939376,2.0117641749083126
324,1.9834598572669868,1.9832156557550653,2.0115151352912335
325,1.9829292271618693,1.983089589174662,2.0112886654166267
326,1.9829206503623258,1.983118287285263,2.0111000390531477
327,1.9828326763965782,1.9831160420771659,2.0112722542665633
328,1.9828315758894628,1.9829736708537475,2.011099646158892
329,1.982831310208835,1.9828495646254867,2.010831529276499
330,1.9825277928585345,1.9829129835272998,2.0106233357011045
331,1.9822689140672116,1.9828808226953938,2.0103024818717827
332,1.9819464146693846,1.9828180312011656,2.01028576305556
333,1.9818120619629813,1.9826919488134314,2.0102820558807974
334,1.9815053621784284,1.982530711084907,2.010281140268535
335,1.981454029164836,1.982527173088302,2.010131316530614
336,1.9813700609343325,1.9822247912124,2.009984134658415
337,1.9813695449339155,1.9820829699403018,2.0095733558612077
338,1.981494640690933,1.9818220011046992,2.009409282496099
339,1.981436731977201,1.9818214711345632,2.0093081831495976
340,1.981178285434718,1.9816614212220993,2.009231717183478
341,1.9812063736337786,1.9815400926689641,2.009093223809292
342,1.981206057861339,1.9814638833067977,2.008839421384833
343,1.9810074736282774,1.9812474466737229,2.008743279144471
344,1.9809281439998094,1.9812451637085517,2.008601241139904
345,1.9808939548600164,1.9812356311705968,2.008069168328925
346,1.980838880976878,1.9813873979160306,2.008141918792686
347,1.9806216279914626,1.9813115098294969,2.008127462541053
348,1.9805603000984842,1.9811870986213715,2.0080755396556804
349,1.9804023439097371,1.9813602381131494,2.007889819836571
350,1.9803625025640967,1.9813212283733759,2.0078531480774435
351,1.9802927715099556,1.98132026305351,2.0077540456140466
352,1.9800839826214691,1.9816143892926161,2.0073633770552255
353,1.980083398752157,1.9817024150040128,2.0072958887536987
354,1.980256811564729,1.9816258776787727,2.0069967957509527
355,1.9799598204229654,1.9815997794157552,2.0068874955906857
356,1.9799241965999173,1.9815234286094254,2.0068869328674133
357,1.9798759175111464,1.9813054415636773,2.0067885446052838
358,1.9796045778680846,1.9810606809888398,2.0064321728685233
359,1.9794937762747562,1.9811750212861148,2.006309346995333
360,1.979231319109484,1.9811104731312081,2.0061069322325444
361,1.9792308228407465,1.981110050076561,2.005799429873945
362,1.9792280400689686,1.9809303045720867,2.0057440835629574
363,1.9791241015130965,1.980919720285039,2.005643595560019
364,1.9790393504004387,1.9808331613194252,2.0055586486938966
365,1.9790196813644492,1.9808875801681662,2.0053567241184753
366,1.9791009685513414,1.9808870626445247,2.0052287446660975
367,1.9787398759297,1.980859780853831,2.005063696615278
368,1.9787391959763252,1.9805889866290467,2.0048809544915875
369,1.9785793920052863,1.9803568019920132,2.0047729148947817
370,1.9785744169049904,1.98020528270028,2.0047324948590743
371,1.9785059756362997,1.9802049207437942,2.004741687281538
372,1.97850574906991,1.9800407275151835,2.0048918631609456
373,1.978421302727912,1.9798795882455336,2.004856475286026
374,1.9784133561588708,1.9795436046121835,2.004816427319952
375,1.9783328257242054,1.9794679948071847,2.0046155455107555
376,1.978190334933199,1.9795746930087275,2.0046077539297995
377,1.9784231385112336,1.9795171010178025,2.0043176293354623
378,1.9782562707699751,1.9794887569815156,2.003988198900316
379,1.97813775585353,1.9794600903181898,2.003780793572869
380,1.9780638440038512,1.9793758925587968,2.0041203616408003
381,1.9777737552820103,1.9792914778882769,2.003905760262327
382,1.977770719664838,1.9791537181612984,2.003818802640697
383,1.977767838393267,1.9791504880403248,2.003796096145569
384,1.9777611350510629,1.9790673771948444,2.0035752104410336
385,1.9777606305095192,1.979067225350858,2.0031093277328473
386,1.977736555207911,1.9787305234802741,2.002972375683153
387,1.9776737733027163,1.978730356232887,2.002936871216337
388,1.9775248696423362,1.9787215542947256,2.002863218002847
389,1.9775238965111943,1.9785067063431574,2.0028404851181616
390,1.9775225202690863,1.9783643532096418,2.0028139782797623
391,1.9775043633488012,1.9783581890480975,2.0027835438329844
392,1.9774833642775025,1.9784409935706786,2.0026924015069594
393,1.9773677582184899,1.9782380733423506,2.0021365298739253
394,1.977244403862249,1.978016330385993,2.0021356096786147
395,1.9770481412164533,1.9779465513829502,2.002004150448647
396,1.9771259890981543,1.9779257480841406,2.001807032740528
397,1.9770552462232776,1.9777601982431372,2.001629579217448
398,1.9773329566861522,1.977759854601337,2.001345356235503
399,1.97718561797353,1.9775915887647535,2.001060435928779
400,1.9771809104928362,1.9775259422473987,2.0009198875697836
401,1.9771807897100293,1.977419645751732,2.000861444238115
402,1.9769605682856422,1.9774503367305527,2.001075395601134
403,1.9769007535397154,1.977472110902395,2.0010043908421324
404,1.9768764960370442,1.9773150539461266,2.000922892370285
405,1.9768751448491582,1.9772189625199756,2.0009029741161615
406,1.976793511975553,1.9771492531798067,2.000764591551441
407,1.9767932552961909,1.97703514111216,2.000755386290711
408,1.9766377285858385,1.9768710436793382,2.000803033992861
409,1.976390896647024,1.9768432988402045,2.000756656016734
410,1.9763534039857824,1.9767029438704178,2.000531066970886
411,1.9763201188298392,1.9766270616265897,2.000153872802795
412,1.9762888453781648,1.976463379588159,1.9997616919842207
413,1.9762349620830255,1.9764570296803958,1.9997026268061406
414,1.9761488082006116,1.9764567075331123,1.9998754777802386
415,1.9761485627375661,1.9763600995859163,1.9999183317267413
416,1.976199225655372,1.9764352411990476,1.9999611617387225
417,1.9762832461946445,1.9765344027694813,2.0002466828344088
418,1.9763084665119512,1.9765396111738673,1.9999065684811848
419,1.976296348835016,1.9764764439529208,1.999784832303157
420,1.976351856808275,1.9764473819908137,1.999759938443468
421,1.9761631643586233,1.9764167141701463,1.999571903425561
422,1.9761147336826808,1.9763745431163198,1.9995376032108125
423,1.9758195529517397,1.976310472693982,1.9994000376752996
424,1.9756995482479647,1.9762588456142796,1.9992851941589251
425,1.9756439910624752,1.9761518726336103,1.999139954469146
426,1.9754676024982394,1.9761665905021453,1.9987189862911268
427,1.9754672344104072,1.9761809238397319,1.9986740667071408
428,1.9754667005056012,1.9761500186287664,1.998737478203674
429,1.975438917949122,1.9761456127442432,1.9987233725599738
430,1.975438271430276,1.9761428847021654,1.998704972058614
431,1.975340685699764,1.9760725463657103,1.9987047402200937
432,1.975237237379559,1.9759435480664354,1.9986823471031867
433,1.9752369725579746,1.9758876103074023,1.998561939954873
434,1.9750399326391914,1.9758568117039386,1.998362601684495
435,1.9749784772937427,1.9757205936723683,1.99836993474206
436,1.9750723202174545,1.975405386160266,1.9985303896939088
437,1.9750718903297053,1.9752746403710975,1.9984489398672618
438,1.9748900693597562,1.9751541594713238,1.998448690011216
439,1.974766179119144,1.975154046407273,1.9983662217344795
440,1.9748013721433129,1.975082972809608,1.9983648554049533
441,1.9748007590700583,1.9749575455015798,1.998263513530198
442,1.974763533697119,1.9749990154225951,1.9982344918965471
443,1.9747359590988638,1.9752824711847379,1.9982911039566504
444,1.9742853002083227,1.9752908005426972,1.998304967405513
445,1.9742653206222314,1.9752022442918968,1.9982795062586427
446,1.9742819811000814,1.9750516078396527,1.998037513775333
447,1.9741741475493113,1.9750478880379803,1.9979921525401128
448,1.9739954867505596,1.9749998740430799,1.9979035588479643
449,1.9739953140250284,1.9749989754226207,1.997870650911345
450,1.9739240285618844,1.9749988666330802,1.9976634499529644
451,1.9738245935369372,1.9748080330056832,1.9975301443096136
452,1.9738185518004867,1.974807743272895,1.9974996080968785
453,1.9737604938844537,1.9748076408842692,1.9974946647278653
454,1.9737873461709976,1.9750433199820863,1.9975709108743933
455,1.9736894266408453,1.9750424878124866,1.9975140719002764
456,1.9734591149079013,1.9750352034381422,1.9974088290370724
457,1.9732349004762975,1.9749150908384876,1.997408373907848
458,1.9728955322855612,1.974879233254201,1.997254065495103
459,1.9727832921701043,1.9747379514673553,1.9974292842695016
460,1.9724936096696228,1.9747379044224527,1.9973017586648187
461,1.9723823911432672,1.9746590605777579,1.9972473084373121
462,1.9722759944738035,1.974432990416662,1.99723556467186
463,1.9721927153892889,1.974353629347964,1.9972199541636424
464,1.972185886497129,1.9743472325406166,1.997043796676238
465,1.9721857436558705,1.9743471446732341,1.9968126070505021
466,1.9721735759980774,1.9743467706794187,1.996608186707652
467,1.972170080836331,1.9742331377882834,1.9965544408937104
468,1.9720495414909698,1.9742328108607772,1.9965541743257316
469,1.971875780519856,1.974208045445387,1.9965245158384333
470,1.971826146112879,1.9739494127143604,1.9965054197324759
471,1.971717434223154,1.973923414501174,1.996280670487368
472,1.9715994806607038,1.973971003359577,1.9960773960468863
473,1.971590269143409,1.9739691019964343,1.9960771883931017
474,1.9715017627019658,1.9739328219418366,1.9960731953555406
475,1.9714112488894566,1.973889478505678,1.9961753570917353
476,1.9713261312335726,1.9737551671772735,1.9961748777978334
477,1.9712690598139115,1.9736654162963967,1.9961711397038968
478,1.9712673865470658,1.9736205628848214,1.9961122853300108
479,1.971263567325819,1.973476011919614,1.9960765159241851
480,1.9712634858178135,1.9734751680415197,1.9957521707743682
481,1.9712454694108497,1.973445508577512,1.995556301973817
482,1.9712305587446537,1.9734684436937615,1.9956568815763382
483,1.971272956696891,1.9733754568432567,1.9956562926493797
484,1.9713246840882783,1.9733734695468248,1.9956977704634666
485,1.9712655558855452,1.9733718174668466,1.9956808491012903
486,1.971210556971063,1.9733144687669155,1.9959172056126582
487,1.9711973707113635,1.9733143517722174,1.9959127336832323
488,1.971123072691737,1.9733140613515259,1.995752174928709
489,1.9711066109979278,1.9730184354088376,1.995729709949099
490,1.9710650625365596,1.9728970773554049,1.9954115702708053
491,1.9709426145192268,1.9728897635249747,1.995357380104051
492,1.9711449574795343,1.9728388530056087,1.995305798704548
493,1.9710210065272933,1.972826977886108,1.9950369836656863
494,1.9709399015737454,1.972826916931324,1.9949821492434792
495,1.9709262581078513,1.9728267940801965,1.9952192756790104
496,1.9708454177523311,1.972826372158811,1.995219107783
497,1.970614362029575,1.9725455500912408,1.9950899600074419
498,1.9705594134145425,1.9725452468824793,1.9948964858764522
499,1.9704568421870075,1.9725444204794098,1.9949300678696444
500,1.970401204931334,1.9725386289697564,1.9948569274796935
501,1.970401019411984,1.9723812333717547,1.9948567533293082
502,1.9703791163112712,1.9722851067656986,1.9948518385424667
503,1.9703739165175083,1.9722847838760245,1.994632062664533
504,1.9703226352140668,1.9722843027045684,1.9946198220812128
505,1.9703083911225734,1.9722840912817226,1.994436806101365
506,1.9702720019283966,1.9721666025495508,1.994327476531907
507,1.9702360648249513,1.9720350763960386,1.9941961606664609
508,1.9702053839168756,1.9719816295825112,1.9941035378471255
509,1.9701937345876201,1.971984477897819,1.9941114652582093
510,1.9701933568770094,1.9719236976852241,1.99410595145463
511,1.9701932072554666,1.9719052175457605,1.9941057760907561
512,1.9701874328850626,1.9719041846980145,1.9939946537805753
513,1.9701380508415274,1.9719039257010367,1.993884667940827
514,1.9699064290196726,1.9718862287694965,1.9941046643398592
515,1.969899874924788,1.9715533552021884,1.9941907010837356
516,1.9697519520577302,1.9715350460221124,1.9941576364746194
517,1.9697518123510067,1.9714524457192546,1.994157470372368
518,1.969751388240942,1.971435652063003,1.9941391244063644
519,1.969748637953198,1.9714354918146018,1.9941252351585792
520,1.9697461730806776,1.9712957219815104,1.994124949244673
521,1.9697459239467865,1.971295208848508,1.9939712592991572
522,1.9697083619068465,1.971294707468141,1.9937283946030078
523,1.9694337736807483,1.9712888292381503,1.9937278015348514
524,1.9693767325353844,1.971218301222353,1.9935874724166487
525,1.9693634267626487,1.9713295780452171,1.9935747680664855
526,1.969363063489588,1.9715360617170354,1.993507338424444
527,1.9693361082061633,1.9715355972244177,1.9935069287510332
528,1.969335948717635,1.9715279275423443,1.9934024987200778
529,1.969308500977092,1.971453081765539,1.99321046484206
530,1.9693080254193023,1.9714530428233128,1.9929420845395842
531,1.969267491148551,1.9714528824418582,1.992795370062588
532,1.9692010803556996,1.971392954647877,1.9927865391075679
533,1.9692009863830044,1.9713905768348923,1.9925788009861494
534,1.9692006527506423,1.971389899627634,1.9924723119408576
535,1.9690313309149556,1.971281520055578,1.9924509303838185
536,1.9689197105336254,1.971280843213629,1.992450818152363
537,1.9688326872092108,1.9711989143947497,1.9922541311530737
538,1.968796754134429,1.971123014154055,1.9922497799222851
539,1.9687965319218677,1.9709636578070076,1.9922364446806353
540,1.9688416503047124,1.9711149218657569,1.9922358461238778
541,1.9688414610829397,1.971114786228694,1.9920722964254012
542,1.968841300611702,1.9711087172680464,1.992199220271356
543,1.9688324537208244,1.9708670304853806,1.9920678130871112
544,1.9687100606842591,1.9708044120535766,1.9920672292820663
545,1.9686247875314078,1.9707830019987986,1.992063791753411
546,1.968624553824393,1.9707484257535839,1.9918038005754017
547,1.9685957245568446,1.9707481253976304,1.9917137533403741
548,1.9684093948684438,1.970649689763753,1.9917078547371887
549,1.9683690954311654,1.970613635272639,1.9917850867519211
550,1.9682874940612987,1.970598121453984,1.9918003177555592
551,1.9682684092243603,1.9704533860527225,1.9917192329520423
552,1.9681581775161674,1.970412457105389,1.9916333144537
553,1.9681574117477967,1.9703815169670054,1.991665100602236
554,1.9681256741010085,1.9703370860322245,1.9915992040710013
555,1.9681253229972508,1.9703354451018549,1.9915758135215045
556,1.9681251278682328,1.970202714157573,1.9915041594719587
557,1.9680902663078574,1.970183409964696,1.9915039491859148
558,1.9680706382856528,1.9701829021533341,1.9913638161387546
559,1.9679602858152025,1.9701821841307527,1.9912803358201052
560,1.9678564341937577,1.9701083525383247,1.9911608348209038
561,1.9678556731717698,1.9701081115908636,1.9909735139515554
562,1.9678036376445367,1.9701036974535793,1.9909731615679147
563,1.9676043764205873,1.9700867482788913,1.9909526906017208
564,1.9675195340540559,1.9700863425251736,1.9909246196146277
565,1.9674794582068185,1.970086236242819,1.9907032259061326
566,1.9674380011405588,1.9701948562375668,1.990702754843292
567,1.9674377404954042,1.9700832329724425,1.990667011693785
568,1.967428847370153,1.9700087961961632,1.9905094037509903
569,1.967416981774888,1.9700086537639019,1.9902496955284137
570,1.9673596726981577,1.969601438831164,1.9902217541493255
571,1.9673594595567465,1.9694688388682031,1.9901911424286283
572,1.9673055419891048,1.9694625401268564,1.990195911726998
573,1.9673054293616232,1.9694253448764425,1.9901861687302875
574,1.9672601833315442,1.9693454414882752,1.9900719905741593
575,1.9673183076245537,1.9693453783412127,1.990228762711539
576,1.9671139436517704,1.9693444335644232,1.9901484989145535
577,1.9671134180844474,1.9692983281812464,1.9901611737122824
578,1.9671107956650464,1.9692980293504485,1.9901610110486623
579,1.9671106987801639,1.9692978427065975,1.9899989862377392
580,1.9670284849524555,1.9692928102248024,1.9899318517385083
581,1.967028410878354,1.9692923871414174,1.9896186184174323
582,1.9669981681216615,1.9691187289157912,1.9896124652419473
583,1.9668422373022867,1.9690833454352044,1.989725379232634
584,1.9668420834342202,1.969083037853155,1.9897250474958934
585,1.9667090206061018,1.969021426763272,1.989724767317607
586,1.9667167440412348,1.9690207031168203,1.9894441717052929
587,1.9667114328002682,1.968748529789593,1.989443214201132
588,1.9666651764807779,1.968747659434752,1.9894362098466563
589,1.966662780140734,1.968732208333177,1.9893246335531818
590,1.9665453014317171,1.9685964789500443,1.989291898937809
591,1.966502843151809,1.968483290946807,1.9892429311313855
592,1.9664183356657905,1.9684506924681617,1.9891032696478288
593,1.9663726156924108,1.9684506402680155,1.9890920051171617
594,1.9663725122572455,1.9684223431623673,1.9890584458774871
595,1.966372390768364,1.9683970947982408,1.9887648711350177
596,1.9662590482394091,1.96839695124782,1.9887121742646277
597,1.966143393255416,1.968320307209367,1.9887386922469792
598,1.9661432373923609,1.9683201655768656,1.9887160252666374
599,1.9660270624234255,1.9683023292382642,1.9887156083763382
600,1.9660267622997925,1.968287773127812,1.9886405229636612
601,1.9660802183007418,1.9682665572094291,1.9886283838996417
602,1.9660488268551193,1.9682638561646548,1.9885701837425842
603,1.9660116204482951,1.9683069023242303,1.9884567832095772
604,1.9659921594575394,1.9683067043746814,1.9883826580392927
605,1.9659919790471723,1.9683052754629708,1.9882949675019317
606,1.9659828617603288,1.968426722071566,1.9882670897341108
607,1.9659274697067148,1.9682720950539676,1.9882479820380414
608,1.9659273427538846,1.9681243086134963,1.988224338101481
609,1.9658213811714818,1.9679317188776786,1.988211490385008
610,1.9657126766251032,1.9679295368457301,1.9881035034833303
611,1.9657125373429813,1.9678749403634543,1.9881029718338392
612,1.965640426730534,1.9678748642699297,1.988089249816013
613,1.9656403339465873,1.9678746242296665,1.9881269889025837
614,1.9656402954048022,1.9678349562711352,1.988124134781629
615,1.9656402856101092,1.9678347629390667,1.9879421996221085
616,1.965619377923142,1.9678344305926239,1.9878749473708597
617,1.9656192524115117,1.9678313269954062,1.9878596968620037
618,1.96561905121671,1.9676391234306803,1.9878595440872142
619,1.965525975926883,1.9676384514330194,1.987851105299489
620,1.9655255833470993,1.9675031028645484,1.9877624318574514
621,1.9655234534711927,1.967434125983244,1.9878739329814044
622,1.9655233720834537,1.9674334774094924,1.9877185543256424
623,1.9655231458602531,1.9675496062431856,1.987690163112433
624,1.9654866304206582,1.9675423578380917,1.9874966827733531
625,1.9654865534413972,1.967542169922157,1.9874552407693424
626,1.9654815184644698,1.967546113705596,1.987421267300912
627,1.965481134036849,1.967546012131906,1.9874198889661372
628,1.965390037971985,1.967545716237898,1.9873570844825479
629,1.965343114099722,1.967545440832459,1.9873567721002683
630,1.9653075482463636,1.9674105638086228,1.9873461809088149
631,1.9652005099061325,1.9675245673945598,1.987520437625347
632,1.9651479653738704,1.9674750377977224,1.987410638271043
633,1.9651110527755462,1.9674749363030704,1.9874001280953304
634,1.9650617452423882,1.967453122663029,1.987056941478919
635,1.965022032142844,1.9674210609268081,1.9869656758333836
636,1.9650218802846147,1.967380289231449,1.986926774588879
637,1.964902903740219,1.9673802508777372,1.9869258009524124
638,1.964900801296441,1.9673754880691783,1.9869257116034336
639,1.9648461448209467,1.9673428242968973,1.9868174393743445
640,1.9647247126622347,1.9673427758507498,1.9868173540051266
641,1.964724633133841,1.9673424750272095,1.9866191428861166
642,1.9647239793551878,1.9672439477584163,1.9865467335547253
643,1.9645132707306638,1.9670528513502838,1.9865162931726832
644,1.9645132415924857,1.9670514689945244,1.9864634142560391
645,1.9645120417902358,1.9670329302485452,1.9864632659928918
646,1.964511972246208,1.9670767354637912,1.9863796440868076
647,1.9645107229546193,1.966952223057925,1.9862635277169989
648,1.964510574991767,1.9668376077484013,1.9862166670098027
649,1.9644641653418808,1.9668374896259833,1.9861239339353265
650,1.9643221623070712,1.9667891786121474,1.9861228599742953
651,1.9643220865523257,1.966783919774815,1.986105145159055
652,1.964319543510777,1.9667631810991621,1.986104663334918
653,1.964319170828376,1.9666895724810691,1.9860716315717424
654,1.9642879981046448,1.9666553990583766,1.985981348199994
655,1.9642776473977652,1.966537956900569,1.9859806269456168
656,1.9642774707851556,1.9665378034397916,1.9859805830482298
657,1.9642593506638113,1.96650267178407,1.9859802475295905
658,1.9642462664168627,1.9665024429290234,1.985975322811686
659,1.9642458542619072,1.9665002337831046,1.9858672625287217
660,1.9642972290720113,1.9663860256273404,1.985814509513256
661,1.9642915934773253,1.966289512711356,1.9859032611192382
662,1.9641739362276307,1.9662893466057247,1.9858328070475892
663,1.9641714922037268,1.9662892401546122,1.9856560000893697
664,1.9641712316329174,1.9662377395058588,1.9854621002736978
665,1.9641707627759861,1.9662371186520697,1.985381073214017
666,1.964170268415457,1.9662370826160833,1.9854435136184723
667,1.9641090734865614,1.9662140695416273,1.9854430715614535
668,1.9640501329516697,1.9662140084278923,1.9854116755098954
669,1.9640500296391188,1.9662045718315582,1.9856257798068662
670,1.9640407256141135,1.9662045206660652,1.9852292998407717
671,1.9640283149739888,1.966019163001333,1.985093697730485
672,1.9640147356042654,1.9659163148813328,1.9850936258403165
673,1.9639645145920865,1.9659162332243905,1.9852185332216183
674,1.9639639428741986,1.965910948606143,1.9852184532320423
675,1.9638780971061638,1.9657314388712395,1.9850693281998346
676,1.9637641525365446,1.9657038136799123,1.9850692567608914
677,1.9637140050647626,1.965698467853033,1.9850685887259563
678,1.963711638432918,1.9656889145584286,1.9849567826083285
679,1.963711573205564,1.9655928878033424,1.9847741322791965
680,1.963710598057917,1.9655925981841709,1.9847589112013684
681,1.9637006808737876,1.9655922840207014,1.984753508097133
682,1.9636445145545949,1.9654342983264232,1.9847534383355234
683,1.963644344434857,1.965398564045607,1.984574696200128
684,1.9636017205276148,1.965397339239431,1.984570285497429
685,1.9635902329156596,1.9652853436919442,1.984570106229027
686,1.963590059544095,1.9652839270478781,1.9845713323806855
687,1.9635900113036255,1.9652838021301544,1.9843514755818268
688,1.9635897621757181,1.9652219951052678,1.9841785899922537
689,1.9635583681481519,1.9652218058747255,1.9841430174778714
690,1.9635582797963334,1.9652215607387948,1.9841429093850649
691,1.9635580611010515,1.9652215068317325,1.9840799933550466
692,1.9635451109097586,1.9652214584619947,1.984047772790608
693,1.963544996089418,1.9652214299732478,1.9838188490135509
694,1.9635448752836029,1.965162323949067,1.9837664471909224
695,1.9635442473934435,1.965162253629628,1.9837408364064184
696,1.9634842299626165,1.9653619710495567,1.983740792885391
697,1.9634742343802607,1.9653618400394386,1.9836425127868023
698,1.9634289070111859,1.9652704367879592,1.9835113239180284
699,1.963428872547276,1.9654007762627292,1.9836075974954872
700,1.9634288165760356,1.965400478250433,1.9836075340692803
701,1.9634283741574383,1.965086107530682,1.983480028391287
702,1.9634282926545978,1.9650858504270527,1.983479929977667
703,1.9634076363236366,1.9650856180175091,1.9834798153323505
704,1.9634065361869333,1.9650854699143938,1.9834794316249948
705,1.9633342535950333,1.9650853028246211,1.9833634787683245
706,1.9632094179421011,1.9649131392629187,1.9833605255536784
707,1.96314336250612,1.9648773193941018,1.9830766992953552
708,1.9631429909308618,1.9648725707734638,1.9830765677820452
709,1.9630604170450265,1.9648684316774525,1.983025815315997
710,1.9630600441142612,1.964868198210776,1.983025661373366
711,1.963059595698076,1.9648483787329745,1.9831330337147646
712,1.9628932335379619,1.9648482150292212,1.9831324894910862
713,1.9627961417190645,1.9647381645002584,1.9831311150577815
714,1.9629563771068232,1.964737861084502,1.983204677164352
715,1.9629559488751533,1.9647376745898044,1.98320426708022
716,1.9629559081053367,1.9647376222339419,1.9831198899677547
717,1.96294134317888,1.9645215665211544,1.98310709570284
718,1.9628989346105963,1.9643475210331427,1.9830524178643107
719,1.9628986296582986,1.9642846384525816,1.9830316173933884
720,1.962866982460728,1.9642820403524068,1.9830105763363317
721,1.9626632781125215,1.964281481344708,1.9829806458640855
722,1.962653064622666,1.9642203306242605,1.9829416973574272
723,1.962585799357941,1.9642202645540612,1.9829416395181114
724,1.9625391409041872,1.9642201507581263,1.9829359633704815
725,1.9625390537736649,1.964120572670258,1.982755926331136
726,1.9625389836178146,1.9641204404274877,1.9826732454104707
727,1.9625388094519558,1.9640839200735671,1.9825665833869013
728,1.962537576097675,1.9640587236505633,1.9825226899142394
729,1.9626584844295847,1.9640585497773675,1.982522663130612
730,1.9624609884377415,1.9640567881059519,1.982502701949255
731,1.9624607544972292,1.9640567353400826,1.982372394704582
732,1.9624016455660556,1.964056440047387,1.9823723374624742
733,1.9624012414113066,1.9640564128977682,1.9823721972081316
734,1.962380085214679,1.964056362130543,1.9824288663320337
735,1.962368299211376,1.9640562113049365,1.9823873526634748
736,1.9623087000787316,1.9640560980666584,1.982387249823609
737,1.9622304786916844,1.9639698152022704,1.9823871626926672
738,1.9622048682332742,1.9640568468539112,1.9824219584178786
739,1.9621768437696476,1.964056698039125,1.9823638593598305
740,1.962176768388671,1.9639854694744532,1.9823638394019216
741,1.9621145289185014,1.9639853811777257,1.9823627536430177
742,1.9621144113810196,1.963985338597368,1.982362542843101
743,1.9621129338387364,1.9639633381315802,1.982322142009126
744,1.9621127661417639,1.963963096438834,1.9822608019051382
745,1.9621126445097818,1.9639629990495675,1.982173137647548
746,1.9621125446852565,1.9639139686834384,1.9821728783787562
747,1.9620980245724238,1.9639137415267673,1.9820661569803273
748,1.9620867672173434,1.963906308425265,1.9820661486311997
749,1.9620866480927641,1.9639062867744115,1.9820660881591934
750,1.9620759300418584,1.9638759891271353,1.9820660316802634
751,1.9619392405834744,1.9637657391098278,1.9820658944794673
752,1.9619082571161106,1.963765629508247,1.9818244752808534
753,1.9618570707452445,1.9637655294385459,1.9817916595631644
754,1.9618570306391758,1.9637306434347952,1.981791615236864
755,1.9618567872062218,1.963730573148702,1.9818203147239073
756,1.9618667781107741,1.9635929624781128,1.9818201560252606
757,1.9618665758832061,1.963592684735538,1.9817936566054108
758,1.9618291847545732,1.963718250251577,1.9817616913169336
759,1.9618291437105795,1.9636639351017062,1.9817616027568108
760,1.961828976865532,1.9636639214000897,1.9817342391828334
761,1.9616175894957955,1.9636637753740729,1.9815611123471808
762,1.9615783500295205,1.9636628384010548,1.9816604145704375
763,1.9615453310485627,1.963662768909179,1.9816560765871407
764,1.9614968118382514,1.9635280340908259,1.9816560221441548
765,1.9614967564188428,1.963498608718613,1.9816559667446623
766,1.9614963605887645,1.9634194808139918,1.9815861769661454
767,1.9614961153299224,1.9634194266315317,1.9813937146809362
768,1.961495867474897,1.9633227129231732,1.9813935387098984
769,1.9614956704793036,1.963322517680976,1.9813561543780482
770,1.9614952874734648,1.9633218021802183,1.9812243153426767
771,1.9614948765423903,1.9633217729893735,1.9810819633105041
772,1.9614948144634847,1.9634555468056467,1.981148595032195
773,1.9614887512523513,1.96345551211137,1.9811485126504809
774,1.9614884452810681,1.9636551890144482,1.9811179841767828
775,1.9614059759440117,1.9636548117165624,1.9811608578169408
776,1.9614058656328845,1.9635403416866455,1.9809887243636828
777,1.9613772188641803,1.9635400400574297,1.9809124921045012
778,1.961377169358648,1.9634650987882514,1.9809124395990827
779,1.9613591777492552,1.9634649676462976,1.9807435217959253
780,1.9613315187447389,1.9634149779553343,1.9806930518415196
781,1.96133133784033,1.9634935589176274,1.9806894585441714
782,1.9613313029235795,1.9634934979708407,1.980842238222787
783,1.9613308977582844,1.9634934094837377,1.980832087677382
784,1.9613305736832458,1.9634618295339372,1.9807463372012037
785,1.9613303415984575,1.963436635020867,1.9807461001631028
786,1.961330057648099,1.963375016595247,1.980843835755562
787,1.96119965847479,1.963374567549207,1.9808177146082657
788,1.9610729022485445,1.963332309095694,1.9807989929562726
789,1.9610616563814636,1.963265833177866,1.9807112501871753
790,1.9610384224194917,1.9632657846632973,1.980565430125735
791,1.9610382578778975,1.9631989586649148,1.9805641091390842
792,1.9610381154028325,1.96316003987441,1.9805246421292313
793,1.961038033486007,1.9631157516167614,1.980463546694204
794,1.9610133931213556,1.9629804445690333,1.9801526179502373
795,1.9610126885046084,1.9629515390620949,1.9801423434777974
796,1.961012627303904,1.9628930549530395,1.9801423226728476
797,1.9610125818122837,1.9628930172947512,1.9801031105256723
798,1.9608289823798504,1.9628929109768625,1.9800648676904227
799,1.960779924643721,1.962892779805775,1.980013546008688
800,1.960750112569654,1.9627062852157244,1.9798982986900644
801,1.9607495438018832,1.9627054739935277,1.9798580821106946
802,1.960749229179779,1.962650710048477,1.9796741385294767
803,1.960749205609969,1.9626353326241357,1.979674077296018
804,1.9607048133904805,1.9626351292134412,1.9796739652722337
805,1.9607046152437204,1.9626350427334385,1.9796644585595486
806,1.9607045485977548,1.962539012739996,1.9795140249477425
807,1.9606566533548357,1.9625389777971356,1.9793725949433927
808,1.9606564905229638,1.9625228581127736,1.9793461720861016
809,1.9606550864323582,1.9625228180573229,1.979505039663231
810,1.9605671331837833,1.9625226750360414,1.9795047734002706
811,1.9605663507857172,1.9625226390148511,1.9792734690724025
812,1.9605663059757705,1.9625049481542922,1.9792556835667245
813,1.960665144970053,1.9625047829685742,1.9792555020628364
814,1.9606651080821509,1.9625047220553067,1.979255374849522
815,1.96066498374593,1.9624825097195129,1.9792549671527002
816,1.960664922786361,1.9623463451099319,1.9790973435396761
817,1.9605612232637912,1.962346230097124,1.9790967665275545
818,1.9605607091132327,1.9621786175810816,1.9790736017682755
819,1.9605606708404495,1.9621360778723345,1.9790735599741234
820,1.9605604739567968,1.9621360539890018,1.979071507889731
821,1.9605239858718864,1.9621357770641135,1.9790193401122833
822,1.9605238741100357,1.9621013352840118,1.9789557815684746
823,1.9605238206246107,1.9621012656307044,1.9789470817850365
824,1.9605020746057567,1.9620773213176097,1.9788841715138616
825,1.9605019441837177,1.962076948904778,1.9790785613126105
826,1.960501927541577,1.9620766324106227,1.9790784712699407
827,1.9605017877137532,1.9620765057611305,1.9788992861864827
828,1.9605016730739449,1.961965412463035,1.978835770928547
829,1.9605014308826614,1.9619577469593457,1.9787950673059698
830,1.9605011821311906,1.9619573948097553,1.9787523859243872
831,1.96050115280393,1.9619573117904212,1.978694715425009
832,1.960501070240419,1.961957207683253,1.9786945242237302
833,1.9605009461846796,1.9619570436633476,1.97860139533983
834,1.960489018260096,1.961956976761018,1.9786012206186823
835,1.9604889650755055,1.9618756994955824,1.9785849160917366
836,1.9603989212089052,1.9618264817010842,1.978584509018378
837,1.9603987464115042,1.9618262260424337,1.9785844807503776
838,1.9603478871589393,1.9618150025720797,1.9785246484364296
839,1.9603477403850271,1.961784211001878,1.9785243749685837
840,1.9603477084261336,1.9617657855432569,1.9783983910425271
841,1.960347656281777,1.961758440321217,1.978247659811057
842,1.9603475755340347,1.9617582933239004,1.9782472703118328
843,1.9603093222865344,1.9617083277929037,1.9782469597598225
844,1.9602695397476873,1.9617052194160332,1.9782338631818037
845,1.9602694387974013,1.961684354807517,1.978232078265188
846,1.9602691396221203,1.9616843068748513,1.9782320027904152
847,1.9600490360719534,1.9616841423891713,1.9781013403644307
848,1.9600489802520926,1.961684069860991,1.978078778115228
849,1.9600488974386687,1.9616297563134855,1.9780785034142971
850,1.9599935404266555,1.9616297258624522,1.9779979384787139
851,1.9599912984793817,1.961625351561517,1.9779978775319993
852,1.959991275257466,1.9615831244567012,1.9779967287671931
853,1.959886477065625,1.9615830570597008,1.9779964483381594
854,1.9598863542817588,1.9615411157589426,1.9779905703641116
855,1.9598859613841795,1.9615408626218906,1.9779973039839907
856,1.9598618522667557,1.9615376190426348,1.9779330140790212
857,1.9601670222665448,1.9614901838920313,1.9778163540121012
858,1.9601667954516693,1.9614720730424267,1.9778162626430935
859,1.9601666416875063,1.9614248239513954,1.977656361977169
860,1.9601665765741862,1.961330446509346,1.9776109788721867
861,1.9601664242345977,1.961330324607071,1.9776108393464125
862,1.9601663438733643,1.9613297778307204,1.9774114657023862
863,1.9601662962267534,1.9612888887087294,1.9773038970483365
864,1.9601661828153811,1.9612138704260418,1.977303628350503
865,1.9601661140161004,1.9612019514328944,1.9773034820436226
866,1.9600731183267113,1.9612018783324245,1.9772814195820265
867,1.9599883787230687,1.9611665930067157,1.9772037283471635
868,1.9599407726816704,1.9611664963541824,1.9771539303770205
869,1.9599315904313297,1.9611664763454646,1.9771150630849037
870,1.959931454943479,1.9611663696723345,1.9771017299169105
871,1.9599313705512578,1.9611662772483947,1.977101651272996
872,1.959931342793473,1.9611470424052977,1.9770773888090902
873,1.959931288783531,1.9611463350870366,1.9770658529727614
874,1.95992773381503,1.96121874163592,1.9770493925961379
875,1.9599276425348178,1.9612186740801132,1.9770492925356011
876,1.9599275167336572,1.9612185052230486,1.9770400403321697
877,1.9599272266123429,1.9612126254414324,1.976967078931786
878,1.959814967844614,1.9612126008523534,1.9769606619112754
879,1.959814852640181,1.9612125867009291,1.976960394377213
880,1.9598143010989388,1.961212551456089,1.9768839168272794
881,1.959689883539736,1.9612121494321688,1.976883706809411
882,1.959683019592927,1.961161244668717,1.9768836944520698
883,1.9596829987842073,1.9611610552136307,1.9767796423470818
884,1.9596828628476395,1.9611610144452953,1.976774916690976
885,1.9596827406365436,1.9610208530472384,1.976774743394608
886,1.9596771805431805,1.961020744689179,1.976724288875449
887,1.9596770720840866,1.9610206819487157,1.9767242035702066
888,1.9596768236348205,1.961019354034882,1.976710501529614
889,1.9596562220080296,1.9610191374391628,1.9766712606459014
890,1.9596561509525616,1.961019069936748,1.9766038194323277
891,1.959656092867516,1.9610189492976606,1.9765437795092733
892,1.9595903183833858,1.9609848789829978,1.976525925120297
893,1.9595774475025534,1.960984849835418,1.9765257906968292
894,1.9595773979978857,1.9609848112620507,1.976525724257363
895,1.9595253318646721,1.960976831482806,1.9765255951986467
896,1.9595250562655728,1.9609762838435014,1.9765254773571321
897,1.959524996570252,1.960976227578958,1.9764681621836777
898,1.9595247949665529,1.9609568069990913,1.9764679282251147
899,1.9594289465064194,1.960956741308456,1.9761818239054831
900,1.9594288952454997,1.9609331467153237,1.9761040074797696
901,1.9594193672011682,1.9609329702376999,1.976092453116643
902,1.9594192597518842,1.9608595369401345,1.9760923157663828
903,1.9594192405562385,1.9608267939590724,1.9760916624953497
904,1.9594191674853918,1.960826714704565,1.9760915433481854
905,1.9593483974623382,1.9608264930146724,1.9760293691034354
906,1.9593480651877024,1.9608264422859127,1.9760292370602466
907,1.9593479836392673,1.960826310055288,1.9760291201934166
908,1.9593326413245251,1.9608262929271212,1.9760288238057417
909,1.9593326162142655,1.9608262009591895,1.9760261679107047
910,1.959313458100236,1.9607264055732365,1.976026040865614
911,1.9593132712544716,1.9607263007695848,1.976025975123539
912,1.9593117939431812,1.9605206801056971,1.9760251198146097
913,1.9595198442150947,1.9605205653580418,1.9759806182360224
914,1.9595177607496654,1.9605200673502947,1.9759780734800398
915,1.959715025919488,1.9603833723771882,1.9758623879406694
916,1.959703690614505,1.9603832836635708,1.9758622738469902
917,1.959703610811519,1.960383246318936,1.9758621864101433
918,1.9596993223818608,1.9603832151173595,1.9758620734257293
919,1.9596991970218418,1.9603828477259604,1.9757553355244613
920,1.959699145921068,1.9603828052530692,1.9757551909812416
921,1.9596990698949952,1.9603464142057971,1.9757550783053002
922,1.9595778468918885,1.9603461473389543,1.9757550680030074
923,1.9595657295930085,1.9603457967243498,1.9756803327491221
924,1.959565566368147,1.960345542276913,1.9756797481441386
925,1.959565405492692,1.9603453605337222,1.9756793332595668
926,1.959565366217161,1.9603451559444067,1.9755547132612712
927,1.9595619221406149,1.96032638047976,1.9754879221181931
928,1.9596639354676042,1.9603083533990129,1.9754136825932553
929,1.959663747748996,1.9603082035190722,1.975369996636268
930,1.959663307871546,1.9602487949020153,1.9753694386813183
931,1.9596632808122774,1.960240871431306,1.9753441688354905
932,1.9596628553157618,1.9602408537965135,1.9754785373278045
933,1.9596627624769658,1.960240654433691,1.9754783866218575
934,1.959662566029509,1.9602405613635467,1.9754778442989733
935,1.9596594947736872,1.9602403487440072,1.9754776027765775
936,1.959658439986497,1.9602402962874619,1.975332062151177
937,1.9596583298085317,1.9602402749768795,1.9753267864116781
938,1.9596582827271465,1.9602402197668138,1.9753264958782035
939,1.95965815662962,1.960240085789688,1.9751506690247773
940,1.9596551677016136,1.9602399126767014,1.975142927122645
941,1.9596544203373738,1.9602395819753118,1.9751428428251088
942,1.959654189699042,1.9602390232875528,1.975142626675683
943,1.9596177629123692,1.9602342989673531,1.9751718001325493
944,1.959617630313807,1.9602340968886212,1.975093781711557
945,1.9596175270323501,1.9601175515167535,1.9750937341608499
946,1.9596152815195407,1.960057223139198,1.9750627789911372
947,1.9596150134609518,1.9599176707049797,1.9750134349003612
948,1.9596149028267436,1.9599175359667238,1.9749489283921617
949,1.9596147614296204,1.959917480240578,1.9749459047248026
950,1.9596146596568853,1.95991739155095,1.9748479956369194
951,1.9596144955759698,1.9599172650294734,1.9747152418435556
952,1.9596144485164795,1.959917138810233,1.9747146195843277
953,1.959614081155417,1.9599166603350897,1.9746892127606734
954,1.9596140418391887,1.9599165502858098,1.974683646372194
955,1.9596139600114644,1.9599164444491532,1.974630663102417
956,1.9596138041877549,1.959916384721361,1.9744892494254616
957,1.9595961823024965,1.9599162856960934,1.9743298904174569
958,1.9595960611120375,1.959916229020246,1.9743149936719853
959,1.9594120959803252,1.9599161236976852,1.9742960269675345
960,1.959412053289888,1.9598899605033981,1.9741861521836785
961,1.9593682869287445,1.9598898677278074,1.9741859751467876
962,1.959360249979559,1.9597649985933956,1.9741953885208894
963,1.9593600824199038,1.9597649425387518,1.9741953571101527
964,1.959359931616031,1.959764704522936,1.9741402076768704
965,1.9593597449941682,1.959738151939685,1.9741179624834155
966,1.9593310220796052,1.9597381380910235,1.9741179520048695
967,1.9593309825471281,1.9597379209470778,1.9738693527567313
968,1.9593309028297647,1.959737016283053,1.9737254965520132
969,1.959237119074739,1.9597369704225562,1.973725188151719
970,1.9592368380024419,1.9597368591354933,1.9735581080547553
971,1.9592368128048363,1.9597367096731717,1.97354768774487
972,1.9592367755807243,1.9597365847817036,1.9735096625813875
973,1.9592266002722196,1.959736414745213,1.9735487366795008
974,1.959226528441004,1.9597362584934486,1.9734877135319442
975,1.9592263435830035,1.959736246270633,1.973264368897936
976,1.9591030160715606,1.9597362026097007,1.9732272262522872
977,1.9591029450828898,1.9596194492799162,1.973227094037219
978,1.959102871476531,1.959619358410723,1.9732270414729625
979,1.9591021832042441,1.9596193513177647,1.9732269733070218
980,1.9591021576848768,1.9596193174998695,1.9730988555407227
981,1.9591019233217981,1.959619266831022,1.9730986982218934
982,1.9590955594577308,1.9595980339704229,1.9730938390836688
983,1.9587776716862721,1.95943667609253,1.973055383229552
984,1.958726441148336,1.9593998984458587,1.973055361909772
985,1.958726251620532,1.9593997176488263,1.9730552503506966
986,1.9587247920225124,1.959399584861702,1.973055148350655
987,1.958724675515927,1.9593995078727144,1.9730550777573512
988,1.9587246186796883,1.9593526263864336,1.9730549923814724
989,1.958724194611571,1.9593523758468425,1.9729506659057414
990,1.9587241928888663,1.9593522765953908,1.9729499044890666
991,1.9585894895103249,1.9594742617082006,1.9729498645589023
992,1.9585637095355373,1.9594741625135441,1.9729498453908072
993,1.9585633185694291,1.959457707092529,1.9729498023119576
994,1.9585631318939172,1.9594573514428273,1.97293329278034
995,1.9585628763540575,1.9594572991833785,1.9727739038649434
996,1.958562832740961,1.9594569858339972,1.972683170980195
997,1.9585627379562387,1.9592258187008678,1.9726794315236085
998,1.9585621842962768,1.9592257960097001,1.9726793749700768
999,1.9585621089367953,1.9592255415917532,1.9726791341395506
1000,1.9585519880204139,1.9592254756443679,1.9726790795191806
1001,1.9585518361290226,1.959204814938461,1.972617088370986
1002,1.9585517893446487,1.9592044226758663,1.972617072909945
1003,1.9585511195332068,1.959161853530837,1.972616947537552
1004,1.958551046439162,1.959159173602385,1.9726168239959572
1005,1.9585204388307034,1.959152584870128,1.9725657363328086
1006,1.9585204012808504,1.9591525393649314,1.9725377146256866
1007,1.9585202302730524,1.9591524675238066,1.9724715142208156
1008,1.9585201727330246,1.9591490882765943,1.9724388053882458
1009,1.9585054717706643,1.9591325306924832,1.9723680910239259
1010,1.958398292786041,1.9591325070162515,1.9723679385259025
1011,1.9583980713502644,1.95912692016712,1.9723679300087118
1012,1.9583979766056345,1.9591266269755527,1.9722966861066566
1013,1.9583979662214541,1.959126587050122,1.9722966084380018
1014,1.9584167709715117,1.9591588268429776,1.972295469748253
1015,1.9584166481627732,1.959158788907079,1.9722952187342928
1016,1.9584152629911717,1.9591587201681793,1.972236077817847
1017,1.9584152011519518,1.9591586577914522,1.9722307773082062
1018,1.9584147264571716,1.959088599321755,1.9722307020800498
1019,1.9584145307599454,1.9590884670651842,1.972218683894007
1020,1.9583849128093336,1.959044475526027,1.9722181947247195
1021,1.9583841498630865,1.9590266956955225,1.972218043402417
1022,1.9583840916246567,1.9590266074039295,1.9722179625810774
1023,1.9583052474155351,1.958856755321011,1.972217809645595
1024,1.9583051892103733,1.9588566840447177,1.9722177205957874
1025,1.9582200202693192,1.9588566447685474,1.9721276588209324
1026,1.9582002198915556,1.9588562834411944,1.9721276222687751
1027,1.9580325542072372,1.9588234799879198,1.9721275437420807
1028,1.958032420990388,1.958812712539794,1.9721274402985765
1029,1.957998136774206,1.9588126730298951,1.9721274277973053
1030,1.9579980540956778,1.958812648534522,1.972108817257232
1031,1.9579975073781168,1.958754612425215,1.9721106129992558
1032,1.957893677230958,1.9587545607344763,1.9721105440116684
1033,1.9578936510303768,1.9587544607867489,1.9721105042648848
1034,1.9578934912377293,1.958753462308887,1.9720628846504236
1035,1.95789343020208,1.9587534473625947,1.9720628386080128
1036,1.9578933370327574,1.9587534288410149,1.9720476472950585
1037,1.9578933275153996,1.958780472073245,1.9720474975693227
1038,1.9578933102028124,1.9587803602586658,1.972047350051669
1039,1.957893292261757,1.9586765479650081,1.9719985895785175
1040,1.9578932519381316,1.9586763197699293,1.9719985362085621
1041,1.9578931390683394,1.958675650026535,1.971998445949332
1042,1.957801498208364,1.958675592631472,1.9719983641054541
1043,1.957799996129877,1.9586753098054397,1.9717568953616644
1044,1.9577810780209093,1.9585569200651423,1.9717536173490642
1045,1.9577810679342575,1.9585568883780033,1.9717056181543542
1046,1.957781000416148,1.9585568619092226,1.9716107463629604
1047,1.957780682014018,1.9585567866436417,1.971610702048917
1048,1.957759388216415,1.9585564741594386,1.9716106652114938
1049,1.9577593772112456,1.9585563781283526,1.9716106204794859
1050,1.9577592389663856,1.9585302588330429,1.9715651130005618
1051,1.9577590188874934,1.9585301551041085,1.971520945593023
1052,1.957734839332233,1.958522268790586,1.971520881918719
1053,1.9577343130055354,1.9585222056002536,1.971520664077661
1054,1.957734141355545,1.95852219865371,1.9715187298369485
1055,1.957734077845073,1.9585221142335312,1.9715186231941355
1056,1.9577335600288313,1.9585220317071517,1.9715184653664413
1057,1.9577334742324661,1.95852191779679,1.9715184527046978
1058,1.9577334644074664,1.9585218857814923,1.971476092106183
1059,1.9577324760897823,1.9585217899966059,1.9714760612415119
1060,1.9577322263760595,1.9584395869409599,1.9714759233735535
1061,1.9577319457113547,1.9584155201561981,1.9714054445473435
1062,1.9577307930851395,1.9586188002153482,1.971325197204631
1063,1.9579069518116596,1.9586187185594082,1.9713251150780533
1064,1.9578753088316132,1.9586182004264354,1.971231594340326
1065,1.9578350621111,1.9586181646151097,1.971226309362148
1066,1.9577449407490453,1.9585448098071887,1.9712108946949431
1067,1.957744896982625,1.9585447194402437,1.9713788910643912
1068,1.957744816101172,1.9585442282326837,1.9713788849245824
1069,1.9577334517549057,1.9585433883612102,1.9713082165472
1070,1.957733339295279,1.9585433597791475,1.9713080012675939
1071,1.9577332377466592,1.958543320593511,1.9713075661439277
1072,1.957731700395759,1.9584102059531467,1.971307489087923
1073,1.9576456562397406,1.9584101922942976,1.9713074615773303
1074,1.9576456429939866,1.9584094986266145,1.9712971561901809
1075,1.9576452643111266,1.958409400674184,1.9712690019646066
1076,1.957645002025444,1.95840937124211,1.9712689697370203
1077,1.9576386645890262,1.958313732204482,1.9712688305116814
1078,1.9576386605428249,1.9583028044553759,1.9711611068117947
1079,1.957638545892735,1.9583027823285541,1.9711610205431895
1080,1.957619812474454,1.9582670016995556,1.9711609463612194
1081,1.9576195073966314,1.9582462967839822,1.971160855529564
1082,1.957515044841311,1.958246239728825,1.9711245286093282
1083,1.9575150368844034,1.958246208809115,1.9711245181648949
1084,1.957514982551523,1.9582461079516207,1.9711123698956834
1085,1.9575147252772953,1.9582460714461298,1.9711122961776157
1086,1.9574768193907117,1.9582456348113568,1.97115316531191
1087,1.9574766885652797,1.9582194659554253,1.9711513334006143
1088,1.9574237052752514,1.9582193908176808,1.971151180879959
1089,1.9574236561934684,1.9582190950381617,1.9711511196764964
1090,1.9574236031649284,1.9582190488868032,1.9710726651724297
1091,1.9573284232320702,1.958218961253017,1.9708536208649632
1092,1.9572742387723268,1.9582187968487559,1.970834361276726
1093,1.9572742204863764,1.9582006406905146,1.970834340725989
1094,1.957274184572846,1.958200485028023,1.9708341885160208
1095,1.9572739814491558,1.9581990176140929,1.97068120998379
1096,1.9572737930103061,1.9581989893476652,1.970666841703333
1097,1.957210713463954,1.9581988141551767,1.970666634978074
1098,1.9572103146254056,1.9581987760171775,1.9706556813907774
1099,1.9572102665541438,1.9581986984349544,1.9705474554327442
1100,1.957210223668452,1.9581986839751249,1.9705158925790478
1101,1.9572102118421657,1.958198327158251,1.9705158847926683
1102,1.957208172182504,1.9581942655119957,1.970515759959995
1103,1.9572073939416794,1.9581819276858021,1.9703775028933594
1104,1.9570901913897416,1.9581818988950352,1.9704105177531666
1105,1.9570901375450078,1.958181729723003,1.9704103520205336
1106,1.957090070592616,1.9581657417126475,1.970211611982625
1107,1.9570900285176607,1.9581654437771578,1.970211604053153
1108,1.9570422576023887,1.9581653198314495,1.9702115543953287
1109,1.9570422256254398,1.958165295474145,1.9701856231906052
1110,1.9570295234437658,1.9581652626661794,1.9701848511919113
1111,1.9570294808820483,1.9581651910317779,1.9701845609612971
1112,1.9570284913066942,1.958160746969675,1.9699937496874078
1113,1.9570284539278826,1.958160673605805,1.969993731461655
1114,1.9570282900971225,1.9581606075358664,1.9699724695333
1115,1.9569609758176012,1.9581603400639358,1.969972406291743
1116,1.9569606978513532,1.9581603106861132,1.969926080334203
1117,1.9569606623347635,1.9581600143334086,1.9699259160963494
1118,1.9568837480178145,1.9581599732493493,1.969925845126255
1119,1.9568833695087464,1.9581598475867152,1.9699258434372446
1120,1.9567070717729647,1.958159792429166,1.969835973223101
1121,1.9567025187234413,1.9581595148495459,1.9698386243024641
1122,1.9567023655283557,1.9580725282264446,1.9698384970230673
1123,1.9567023545302056,1.9580724511323235,1.9696919960583337
1124,1.956702333658134,1.9580724447107605,1.9696919666836512
1125,1.9567022196105135,1.958072097365261,1.9696918886358266
1126,1.956701965053743,1.9579695463680418,1.9696917861226015
1127,1.9566315400850582,1.957965651207521,1.969691023966067
1128,1.956614328199475,1.9579655763962827,1.9696427780367383
1129,1.956614258220599,1.9579654152632382,1.9696427460404218
1130,1.9566141994167985,1.9579654061381302,1.9696342102021671
1131,1.95661415003474,1.9579653585769854,1.9696339892214545
1132,1.9566141333058749,1.9579653063022417,1.9696338810588045
1133,1.9566140841165873,1.9579652449347225,1.9695903871461073
1134,1.9565807723873025,1.9579500216407126,1.969590056265279
1135,1.9565757955998897,1.9579406963379562,1.969589842002675
1136,1.956575786941012,1.9579406946613056,1.9695559615264537
1137,1.9565757798272552,1.9579063632182017,1.9695559360266752
1138,1.956570681904787,1.9579040014511067,1.9695804193485196
1139,1.9565704837904747,1.9579034629830194,1.9695261841520406
1140,1.9564301224319716,1.9579034121665708,1.9695066622581545
1141,1.9564290594924554,1.9578663780208525,1.9695064182859872
1142,1.9563783397159904,1.957866260817871,1.9694628003322152
1143,1.956307978234791,1.9578661924618794,1.9692510843825233
1144,1.9563068135530546,1.957848569822217,1.9690809347086409
1145,1.9563067221423143,1.95784854792053,1.9689564351692221
1146,1.9563066865871623,1.9578485095630045,1.9689563163816899
1147,1.9562597781821827,1.9578484272874688,1.9689562536617102
1148,1.9562596876843743,1.9578481347998058,1.9689226776051463
1149,1.9562596533754522,1.9578415111122323,1.968805660756201
1150,1.956259637871226,1.9578414681153435,1.968805653179074
1151,1.9562594632495647,1.957841456107856,1.9688056332875765
1152,1.9562594484873275,1.9578413809712414,1.9687690213038436
1153,1.956259419478346,1.9578674571627768,1.9687687469254462
1154,1.9562593556558128,1.9578145873078279,1.9687686997028062
1155,1.9562593156768118,1.9578143498763871,1.968749463008143
1156,1.9562593001021318,1.9578143279648168,1.9687486222224437
1157,1.9562592818782478,1.9578138348338732,1.9687485061702714
1158,1.956258838166471,1.9578138138068926,1.9686542232631867
1159,1.9562588344492684,1.957803663505231,1.968609278013359
1160,1.956258760475869,1.9578035719399935,1.9686091602616504
1161,1.9561758077036109,1.9578027632619883,1.9686091107616421
1162,1.9561757620970741,1.95780266434487,1.9686090920844945
1163,1.956175721035225,1.9577908317371115,1.9686090686082782
1164,1.9561756657897296,1.9577608956091397,1.968607444702758
1165,1.9561755751429837,1.9577607731067543,1.9686072163199242
1166,1.9561755670329053,1.9577606944798018,1.9686071914387073
1167,1.9561755570367956,1.9577605240778726,1.9686071727873495
1168,1.9561754641705524,1.957760522535259,1.9685398579840754
1169,1.9561745175683327,1.9577600531582913,1.9685392368776224
1170,1.9561744467469038,1.9577600152074868,1.9684059270718044
1171,1.9561651505015096,1.9577580792108895,1.9684059141220258
1172,1.9561644919690948,1.957757913056368,1.968356926001098
1173,1.9561644341277324,1.9577578321654716,1.9683115140325373
1174,1.9561467170650204,1.9577226170972377,1.9683114643398207
1175,1.9561467104350143,1.9577225629670907,1.9683113569951625
1176,1.9561466567207435,1.957722486939033,1.9683795468786152
1177,1.9561442373612745,1.9578592316235828,1.9683795059472609
1178,1.9561442274267775,1.9578044553113185,1.9683794523092468
1179,1.9561374504057838,1.9578044379332546,1.9683367693824945
1180,1.956137439288457,1.957804403031408,1.9682899910908507
1181,1.956137115182415,1.957794599263692,1.9682502295856734
1182,1.9561370507254703,1.9577945976150943,1.9682501683986284
1183,1.9561369754887572,1.9577076393018684,1.9682499646127514
1184,1.956136944600906,1.957687427253237,1.9682499645565636
1185,1.956132044352866,1.9576872211099143,1.9682499055346916
1186,1.956131728155469,1.9576287350869637,1.968199037050275
1187,1.9560976048399545,1.9576069431607193,1.9681990122940478
1188,1.9560582379376887,1.957603318338099,1.9681134831393234
1189,1.9559533623612164,1.9576028547050612,1.968113330218339
1190,1.9559532340073267,1.957602785552651,1.968137495386042
1191,1.9558629520696744,1.9576026153436246,1.9680740863710147
1192,1.9558628307058465,1.9576025206050058,1.9680740130077912
1193,1.9558626333456404,1.9576020056276116,1.9680739235708316
1194,1.9558626048482026,1.95760157511597,1.968073723734309
1195,1.9558625420974807,1.9576015700297085,1.9680564615964014
1196,1.9558625184660383,1.9574512757439553,1.9680564385562924
1197,1.9558624892426557,1.957414847546714,1.9680563851922055
1198,1.955862430990167,1.9574147889468547,1.9680563734181915
1199,1.9558473549429158,1.957414758727197,1.9679981238274427
1200,1.9558471877660561,1.9574146175870886,1.9679980029701116
1201,1.9558471503187356,1.9574144945389063,1.9679977563440092
1202,1.9558468632794594,1.9574144074414366,1.9679975979749138
1203,1.9558467903922687,1.9574006154506396,1.967997503227706
1204,1.9558467489746951,1.95740056852106,1.9679974253853727
1205,1.955846582582542,1.9574005336876017,1.9679845775013778
1206,1.9558458656942512,1.9573917878094769,1.967984527282291
1207,1.9558450380289512,1.9573917319966816,1.9679494499862258
1208,1.9558449675147203,1.9573917267564682,1.9679483592033378
1209,1.9558449010795658,1.9573917191049837,1.9679480417301694
1210,1.955844880308354,1.9573915306557208,1.9679471628718923
1211,1.9558447362699607,1.9573914646432717,1.9679470917193507
1212,1.9558446804944858,1.9573914078189054,1.9679470764583262
1213,1.9558446276982424,1.9573913536645615,1.9679470661181613
1214,1.955844412547037,1.9573913377118926,1.9679470106542125
1215,1.955811192540525,1.95739119866253,1.9678628924274704
1216,1.9558111419573878,1.9573908946690985,1.9678626720005605
1217,1.95581107669841,1.9573908710675674,1.9678625455213792
1218,1.9558110577527128,1.9573718481217544,1.9678625045740177
1219,1.9558109938753527,1.9572930721756692,1.9678550819360314
1220,1.9558109499076732,1.9572591376264246,1.9678549672875638
1221,1.9558108723617902,1.9572591154156853,1.9677353400962112
1222,1.9558107471468342,1.957259091065988,1.9677352515854347
1223,1.9558106545464207,1.957259089356193,1.967735121592576
1224,1.9558105829605388,1.957258990804768,1.9677350613624027
1225,1.955774908797197,1.957258636377371,1.9677350446551516
1226,1.9557748698657778,1.9572586129888734,1.967734967509971
1227,1.9557748182472694,1.9572584255420091,1.9676865422227265
1228,1.955774814228937,1.9572508067875711,1.967686511356582
1229,1.9557747514247996,1.95725064120028,1.967686504612385
1230,1.9557747372432146,1.9572506219165504,1.9676863667991507
1231,1.9557746877411153,1.9572503381239266,1.967686217094106
1232,1.9557745662377461,1.9572502060335226,1.9676861858973471
1233,1.9557744716861092,1.95725014700582,1.9676860315352296
1234,1.9557744541966051,1.9572501456355433,1.967626122713299
1235,1.9557576475666998,1.957240221195071,1.967626071734101
1236,1.9557576175900255,1.9572401018098007,1.9676258258230492
1237,1.9557575131716682,1.9572398597073786,1.9676258180929211
1238,1.9557573539144235,1.9572398587869029,1.967625716510587
1239,1.9557252014775266,1.9572398160240698,1.967625613388773
1240,1.9556813652901144,1.9571948539994959,1.9676255421385467
1241,1.9556617594327035,1.957187185753961,1.9676243173801897
1242,1.9555960162154562,1.957187163763539,1.9676242590893473
1243,1.9555924383836227,1.9571871296912755,1.9676242305449865
1244,1.955592248167453,1.9571457364944513,1.967624001859229
1245,1.955591845874401,1.9571456296134082,1.9676139618804278
1246,1.955572773493606,1.9571455858941675,1.9676139489359445
1247,1.9555727596092487,1.9571454971612838,1.9676139062500297
1248,1.9555725053370934,1.957068547499655,1.967613615869743
1249,1.9555723388928066,1.9570557172947596,1.9676134305041422
1250,1.9555722558988178,1.9570556811236484,1.9676132729665037
1251,1.9555720350044332,1.957055622796584,1.9676032022044845
1252,1.955571958649241,1.9570555927391182,1.967427111015427
1253,1.9555719289680502,1.9570555541505779,1.9674269021598607
1254,1.9555717774434895,1.957055401505986,1.967371589328399
1255,1.9555715973167556,1.957055318714473,1.967371560219537
1256,1.9555641343551455,1.9570391891715238,1.9673709931585708
1257,1.9555631426189872,1.9570391435524894,1.9673709373078887
1258,1.9555628775692249,1.9570374799871293,1.9673708344135348
1259,1.9554920870826125,1.9570373263876322,1.9673708182518221
1260,1.9554920776741411,1.9570372326602374,1.9673702290885924
1261,1.955492042129061,1.9570369336658948,1.9673701855900172
1262,1.9554759546578464,1.9570366173881413,1.9673402566490366
1263,1.9554759439587843,1.9570365622235149,1.9673402481043396
1264,1.9553688619682348,1.9570365574350022,1.9673118307785606
1265,1.9553688075097837,1.957036518828351,1.9672503374425863
1266,1.9552678715801548,1.9570363368842192,1.9672502067476028
1267,1.9552626308006835,1.9570361256359539,1.967224631928376
1268,1.9552625898171032,1.957036080448963,1.9672242282976025
1269,1.9552623584015307,1.957036051133849,1.967136899712481
1270,1.955262319046076,1.9570358024254897,1.9670946269697365
1271,1.9552430201117261,1.957035752212059,1.9670946197559598
1272,1.9552211072520291,1.957035625646803,1.9670860478758316
1273,1.9552198926313866,1.9570355948850995,1.967085957967069
1274,1.9552198343561094,1.957026615461154,1.9670855688046045
1275,1.955219799150851,1.9570265856711033,1.967085527960056
1276,1.9551265723139664,1.9570214101538281,1.9670854599271612
1277,1.954972774419141,1.9570213846763287,1.9670854005826142
1278,1.9549726774902552,1.9570213591103733,1.967085191388309
1279,1.9549726609297273,1.9570213218333639,1.9670843925898949
1280,1.9549726413620714,1.956953466413017,1.9670842452178516
1281,1.9549725303565302,1.9569532613496334,1.9670841961719228
1282,1.954955777741542,1.9569532037298407,1.9670807658573597
1283,1.9549551249975652,1.9569531509232052,1.9669913523449503
1284,1.954954959014735,1.956953058595143,1.9669913065181523
1285,1.9549549354074924,1.9568944590384296,1.9669912818564805
1286,1.954954906558811,1.9568944213057153,1.9669273986913995
1287,1.9549548608102518,1.9568014984361577,1.9669272580570174
1288,1.9549548256337157,1.9568014298817202,1.9669272476420157
1289,1.9549547379517336,1.9568012570966242,1.966896516641437
1290,1.954954688761054,1.9568012166652606,1.96688867463207
1291,1.9549546658471182,1.9566283984893444,1.9668187712615288
1292,1.9549546274499643,1.9566282133449278,1.966684760511437
1293,1.9549545776338986,1.956628169071534,1.966684664801654
1294,1.9549543785290955,1.9566280876115094,1.9666775448427403
1295,1.9549357939758214,1.9566280638011315,1.966677426980035
1296,1.954854794964921,1.9566280273004855,1.966677392404275
1297,1.9548547712621827,1.9566280015343034,1.9667480630277
1298,1.9548547653964556,1.9566279459181133,1.966748058644378
1299,1.954854727537746,1.9566279113529352,1.966748007983578
1300,1.9548546020074755,1.9566278148071656,1.9667478724836238
1301,1.954854587915929,1.9566277893522825,1.9667478443524053
1302,1.954854577876512,1.9566277064441955,1.9666708837329148
1303,1.9548544339206049,1.9566268772556916,1.966670573051728
1304,1.9548542376301599,1.9566267931813073,1.9668051821176298
1305,1.954854218043457,1.9566267580110375,1.9668051335375456
1306,1.9548540009558406,1.9566266284101583,1.966790588965972
1307,1.9548539463865142,1.9565901794077099,1.9667905320710362
1308,1.9548538963041897,1.9565901468360576,1.9667904680081831
1309,1.954853866318965,1.9565786815597834,1.966790403254716
1310,1.9548538451287605,1.9565786412312782,1.966829072065083
1311,1.9548537726457669,1.9565786282845539,1.9668290515034579
1312,1.9548532446853382,1.9565290335410022,1.9668272858971003
1313,1.954853189675226,1.9564118273539353,1.9668272801951394
1314,1.9548531718248399,1.9564075859541883,1.9668271555170598
1315,1.9548531646944605,1.9563942563574552,1.9668271229863097
1316,1.9548528225908415,1.9563942464020265,1.9668270452644956
1317,1.9548527944482421,1.9563916978189588,1.9668269658072963
1318,1.9548093874145707,1.9563216197725204,1.966826935454171
1319,1.9548093382608576,1.95639798585888,1.9668268672961344
1320,1.954809248651888,1.9563979090479755,1.9668268290078563
1321,1.954809202315046,1.9563978740652521,1.966826795551187
1322,1.954809133910604,1.9563976911220413,1.9668265836996273
1323,1.954808882636536,1.956397651406349,1.9668242160358442
1324,1.9548088713336824,1.9563976406484938,1.9668241974101637
1325,1.9548087723113015,1.9563976314395104,1.9668241757866984
1326,1.9548087687777944,1.9563974471461982,1.9668241430672517
1327,1.9547782319143645,1.956397405701614,1.9668240685171363
1328,1.9547780439723292,1.9563971759649577,1.9668235289230374
1329,1.9547779052552352,1.9563780128507375,1.9668235133922407
1330,1.9547779032318746,1.9563779984162117,1.966812020119082
1331,1.954774872670147,1.9563502164986033,1.96681184927803
1332,1.9547747649092608,1.9563501443532967,1.966811787510615
1333,1.954743673404586,1.9563501346096712,1.9668004440336413
1334,1.9547416352734583,1.956349824626148,1.9668003005954628
1335,1.9547416306052918,1.9563497049260719,1.9667892100319906
1336,1.954741569759239,1.9563496268297331,1.966789141544805
1337,1.9547415586796484,1.9563495979785483,1.9667889948381612
1338,1.9547414471244609,1.956242769639213,1.9666496022456232
1339,1.9547414250051258,1.956242585491731,1.9666495797560668
1340,1.9546537278687055,1.9562425555984266,1.96662949674984
1341,1.9546308236533865,1.9562425507443475,1.9666294205947452
1342,1.9545991197072545,1.9562425093465703,1.9666011265074157
1343,1.9545991042486621,1.9562366147371633,1.966601119510016
1344,1.954599065133726,1.9562365393573746,1.966601091999478
1345,1.9545811605016543,1.9561822791651013,1.9665638194863404
1346,1.9545811449584451,1.9561821641017805,1.96656381337706
1347,1.9545443187523637,1.956182150650173,1.9665637629963606
1348,1.9545442556911499,1.9561616172294425,1.9666358309455838
1349,1.9545441732635433,1.9561615086994777,1.9665957005290207
1350,1.9545440611830305,1.9561614781406722,1.966567964820116
1351,1.9545401113284815,1.9561614352211627,1.9665655858269884
1352,1.9545400796141368,1.9560958560399655,1.9665655793894439
1353,1.9545400049525399,1.95608915090035,1.9665608188804615
1354,1.9545397304859586,1.9560830265020654,1.9665259571811542
1355,1.9545397042592851,1.9560829931372905,1.9665259216951858
1356,1.9545130414155847,1.9560829894257488,1.9665258015591693
1357,1.9545129727890178,1.9560829368303745,1.966419026774537
1358,1.9545083918307897,1.9560829282397156,1.966418798111288
1359,1.954508144041917,1.9560827847639093,1.9663952390960175
1360,1.9545076858469066,1.9559717416540656,1.9663952142732444
1361,1.954507575829553,1.955936430656534,1.966395196139918
1362,1.9545054263304067,1.9559362478370856,1.9663951686175476
1363,1.954505413245195,1.955936225598163,1.966296772026742
1364,1.9545052430792635,1.9559361695241542,1.9662966784812637
1365,1.954505230428038,1.955936138018477,1.9662966544527545
1366,1.9545051729527554,1.9559361264205397,1.9662965875695813
1367,1.9545048553725437,1.9559360413640376,1.966296216839723
1368,1.9545048393880855,1.9559359727062462,1.9662554307273215
1369,1.9545047038461012,1.9559359499823432,1.9662554206321394
1370,1.9545046740163947,1.9559359409626969,1.9662537327425507
1371,1.9545038335978855,1.9559356727252044,1.966253606209415
1372,1.9545037794648865,1.9559123511328629,1.9661407414227652
1373,1.9545037280550814,1.9559121986526458,1.9661397348873793
1374,1.9545035588894852,1.9559119951735846,1.9661396845323857
1375,1.954503331566931,1.9559119180238498,1.9660663263742206
1376,1.954462319062685,1.9559117745826102,1.966145549318828
1377,1.9543711740093423,1.955911326670539,1.9660736740801015
1378,1.954371073463624,1.9559113063739926,1.9660736565790886
1379,1.9543710356765338,1.9559112857286522,1.9660386508197485
1380,1.9542812994785246,1.955910996054475,1.9658594749627922
1381,1.9542812427267047,1.9559105620420387,1.9657594496072952
1382,1.9542809238588001,1.9559105600170477,1.965759398130674
1383,1.9542809188951693,1.9559102431896804,1.9657593885469888
1384,1.9542808835549752,1.9558661666598374,1.9657573244164903
1385,1.9542806270096904,1.9558661582379755,1.9657559585353002
1386,1.9542805705878803,1.9558660623090345,1.96569293161039
1387,1.9542805596672448,1.9558660560981536,1.9656879519734425
1388,1.954280550764203,1.9558660227479197,1.9656879389737811
1389,1.9542804229903337,1.9558659646554963,1.9656879007328125
1390,1.9542799746357726,1.9558658852164326,1.9656878612070885
1391,1.9542799713310053,1.9558658445360828,1.9656266769019293
1392,1.9542799524915584,1.9558658431113287,1.9656264789808153
1393,1.9541442618873837,1.9560653710271507,1.9655407209315219
1394,1.9541442249834766,1.956065267812552,1.9655118617955876
1395,1.9541434672342248,1.9560652202325164,1.9655117624730971
1396,1.9541434596734313,1.9560650181615835,1.9654593383512107
1397,1.9541429660763108,1.9560644589549117,1.965400937352897
1398,1.95408492661946,1.9560644456908836,1.9653652122910248
1399,1.954084888838358,1.9560068789180594,1.9652670078600012
1400,1.9540846831229277,1.9559442319943992,1.9652669695985934
1401,1.9540846308804276,1.9559441522303644,1.9652303918710294
1402,1.9540845884197742,1.955944134876665,1.9652303121055155
1403,1.954084571781648,1.9559440774933545,1.9652096404853783
1404,1.9540845246706993,1.9559440178537313,1.9652091879666267
1405,1.9540844852406845,1.9559439882017553,1.96520906055981
1406,1.9540844415957341,1.9559439796185514,1.9652089955060286
1407,1.9540682361698667,1.9559439411618436,1.9652089563087543
1408,1.9540680848716279,1.9559439230449307,1.9652078329710034
1409,1.9540680713772176,1.9559437734676288,1.9652078224565306
1410,1.9540680303155384,1.9559285359387792,1.9652075814455945
1411,1.95406802937652,1.9559285146160703,1.9652021404939268
1412,1.9540679254360678,1.955928489069767,1.9651782312340151
1413,1.9540678945059033,1.9559284499212537,1.9651778805774764
1414,1.954067852989941,1.9559284208284855,1.9651772183086007
1415,1.9540677787475693,1.9559283808535812,1.9651772058252317
1416,1.9540676189714674,1.9559283285817675,1.9651771670885563
1417,1.9540675685173565,1.9559283160460064,1.9651771493531753
1418,1.954067419263296,1.9559281130741704,1.9651770520955356
1419,1.9540673394160453,1.955928097939341,1.9649954249524457
1420,1.9540672969039767,1.955928077574769,1.964995315466397
1421,1.9540665605069742,1.9559280616280288,1.9649931567422843
1422,1.9540665060728328,1.9559279275776662,1.9649555002793848
1423,1.954028578072648,1.9559271846608253,1.9649554892569894
1424,1.9540285036217016,1.9559271555388222,1.9649554573107075
1425,1.9540284290642351,1.9559271154979816,1.9649554372439315
1426,1.9540284176355356,1.955927115312275,1.9649318483872404
1427,1.9540283252710526,1.9559270049463522,1.9649317333102898
1428,1.9540282593087177,1.9559269991984167,1.964931708942323
1429,1.9540281428147028,1.9559218186905576,1.964931654884293
1430,1.9540281354879288,1.9559217241142202,1.9649316151934144
1431,1.954028115872715,1.9559216831809432,1.9649217837566801
1432,1.954028046036545,1.9559215567929238,1.9649216901650919
1433,1.9540280111572066,1.9559215244153614,1.9649216720845892
1434,1.9540278865619103,1.9559214617519576,1.9648940178343088
1435,1.9540276715131728,1.955921369831205,1.9648930976763361
1436,1.9540274644818492,1.955921259036169,1.9648930436403031
1437,1.9539841217268576,1.9559212547466012,1.9648928560219134
1438,1.9539841054488023,1.9559212138870228,1.964892848095286
1439,1.9539840819977154,1.955921090551246,1.9648927377780276
1440,1.9539840595759204,1.9559210404743967,1.9648927059622452
1441,1.9539840082597375,1.9558195158875897,1.964892670400206
1442,1.9539839771105432,1.9557517313520487,1.9648926144634424
1443,1.9539835094423592,1.9557516974586449,1.9649994804935647
1444,1.953983149440711,1.9557516938282855,1.9649447546644794
1445,1.9539831209532328,1.9558249985590563,1.9649447140054288
1446,1.9539830325670176,1.955824931744165,1.9648998454880087
1447,1.9539762195672388,1.9558194085120468,1.9648996811285535
1448,1.9539759728439405,1.9558192941442247,1.9648994196108152
1449,1.9538880338886935,1.955818992775048,1.9648993866088613
1450,1.9538880190821941,1.9558189371823518,1.964899380587444
1451,1.9538879364065946,1.9558189328843147,1.9648910078687296
1452,1.9538879207217756,1.9558189174192173,1.9648910058648168
1453,1.9538878987971084,1.9558188908667,1.9648909702250243
1454,1.9538878692060826,1.9557197065020306,1.9648907771441153
1455,1.953845574172304,1.9557196633748688,1.9648624131808425
1456,1.9538451833708508,1.955719657953493,1.9647835476415216
1457,1.953845149214445,1.9557194184273323,1.9647834762917515
1458,1.9538450097519378,1.9557194144367147,1.9647834518782485
1459,1.9538295602463716,1.9557193884338295,1.9647833161457902
1460,1.9538295462783288,1.9557193657891945,1.9646866908119034
1461,1.9538294799883733,1.9557192077115593,1.9646622398626985
1462,1.9538294442017712,1.9557192060765147,1.9646094434550214
1463,1.9538294182940115,1.9557191903013162,1.9646057531623262
1464,1.9538284901857315,1.9557186521082723,1.9646057209617285
1465,1.95382845053739,1.9556905180660091,1.9646056859390024
1466,1.9538283987596883,1.9556905091325054,1.9646051796915995
1467,1.9538283822863731,1.9556904911734916,1.964605175784109
1468,1.9538282409461305,1.9556904168096394,1.9646006229659256
1469,1.9538281231951435,1.955690391843539,1.9645721017743418
1470,1.9538280957334961,1.955690370825949,1.9645717502917441
1471,1.953828061188927,1.955690347331286,1.9645017122426025
1472,1.953828014023129,1.9556352692000565,1.9643731990449353
1473,1.953827871614364,1.9556351318694345,1.9642639301464304
1474,1.9538277346747661,1.9556299407714297,1.9642638485130977
1475,1.9538277304974956,1.9555708830008618,1.9642638202321094
1476,1.9537166568496753,1.9555708692037126,1.964245595035317
1477,1.9537166183851657,1.9555708659057305,1.9642454383770567
1478,1.9536589013058407,1.955570463634086,1.9642453722363493
1479,1.9534815164152628,1.955476254398615,1.9642452656919092
1480,1.9534814771466347,1.9554761539018441,1.9642452424199772
1481,1.9534813613179653,1.9554760718444035,1.9642451914703096
1482,1.9534813234224744,1.9554760390917234,1.9642402000802324
1483,1.9534812852913035,1.9554759392517107,1.964175431376465
1484,1.953452248127686,1.9554759007376454,1.9641751766125704
1485,1.9534522366135951,1.9554050664151463,1.9641751096619284
1486,1.953452190884662,1.9554048655674958,1.9640117181123848
1487,1.9534521512596235,1.955404827138404,1.9640116774622538
1488,1.953452133257681,1.955404616298278,1.964011664764931
1489,1.9534520646349096,1.9554046134141998,1.9639828460610356
1490,1.9534518252208999,1.9554046059493697,1.9639825706976761
1491,1.9534517968436216,1.9553021860298967,1.9639825618317845
1492,1.9534011264406832,1.9553019411076984,1.9639825261720656
1493,1.9534010116709464,1.9553018639790267,1.9639678270652547
1494,1.953400993034647,1.955301828596823,1.9639677495017684
1495,1.9534009380193322,1.9552111364892202,1.9639676648887687
1496,1.9534009068078182,1.9552109406748495,1.9638979619935093
1497,1.9534006414217322,1.9552098044278632,1.9638978410536083
1498,1.9534006206221677,1.955209802212238,1.9638344105184073
1499,1.9533995795827532,1.9552097893702758,1.9638343708639652
1500,1.9533994902648015,1.9552091776937064,1.9639164288654207
1501,1.9533476877894695,1.9551958031598045,1.9639164272027363
1502,1.9533475744242448,1.9551821426510563,1.9639163639421695
1503,1.9533473742302772,1.9551820264815658,1.9638118296448457
1504,1.9533464089687056,1.955182010434973,1.9638118264153142
1505,1.9533464001452443,1.9551819726160578,1.9638116413211375
1506,1.9533463663646229,1.9554072115302006,1.963811625571807
1507,1.9533451390916998,1.955407186827013,1.9638093572369975
1508,1.9533450772536838,1.9554071665324773,1.9637955266055733
1509,1.9533450673408452,1.9554071540313973,1.9637881262213601
1510,1.9533450541640998,1.955407092924563,1.9637879951946493
1511,1.9533450062469517,1.9553783152728748,1.963787969671841
1512,1.9533449686595987,1.9553783046460949,1.9637878517635927
1513,1.9533446864517139,1.9553468574887969,1.9638245980507418
1514,1.953311102310609,1.9553468530179352,1.96382453472192
1515,1.953311085878703,1.9553468167064754,1.963745730498715
1516,1.9533110658679074,1.9553468001406404,1.963745300799222
1517,1.95331101205126,1.955276956984331,1.963744969615092
1518,1.9533109874262853,1.9552769442935511,1.9636292459134632
1519,1.95331098345611,1.955276891597342,1.9636289191485528
1520,1.953246042452161,1.9552766166140572,1.9636288933443804
1521,1.9532459903738446,1.9552765524475377,1.9636288199282177
1522,1.9532459392744352,1.9552765426678103,1.9636287834013777
1523,1.9532458747995325,1.9552764096664403,1.9635259020169251
1524,1.953245864448428,1.9552580360805527,1.9635258590266598
1525,1.9532457518510289,1.9552580239860033,1.9635257588918462
1526,1.953245489853049,1.955257811529791,1.963525692881351
1527,1.9532454762141633,1.9552575955575335,1.9635256833954278
1528,1.9532454612308006,1.9552575439464717,1.9635256340025762
1529,1.9532433635018112,1.9552574025505165,1.9635256128712355
1530,1.9532432152962302,1.955257323998969,1.9635254216913556
1531,1.953238997908112,1.9552573148214443,1.9635253649951627
1532,1.953238974325934,1.9552573144005714,1.9635251380056855
1533,1.9532389187922259,1.955257262978331,1.96341255006417
1534,1.9532387629087942,1.9552571775729322,1.9634125089694052
1535,1.9532387595489036,1.9552571193119868,1.9634112462027
1536,1.9532384641145033,1.95525709342481,1.9634111985395388
1537,1.9532359030588868,1.9552570433341603,1.9633709921643794
1538,1.9534418868324406,1.955215973070102,1.96334342020759
1539,1.9534418577980803,1.9552158973539833,1.9633434126845823
1540,1.9534418474838162,1.9552155486499587,1.963343388488758
1541,1.953441831300745,1.9552155288445996,1.9633433580034632
1542,1.9534417235669295,1.9551904154112125,1.9633214968294475
1543,1.9533321714620187,1.9551903624083118,1.9631431853819086
1544,1.9533320862552026,1.9551903354032916,1.9629881962277662
1545,1.9533080121131807,1.9551341160638778,1.9629880661646166
1546,1.9533079505206452,1.9551341052621494,1.9629880250370242
1547,1.953307868277549,1.9550804011429888,1.9629866852094506
1548,1.953307796040163,1.9550803843494822,1.962986676679384
1549,1.9533077862381198,1.9550803710697646,1.9629863495516273
1550,1.9532648362027691,1.9550803642956518,1.9629540788385942
1551,1.9532647990890728,1.9550799944329937,1.9630276873574322
1552,1.953264762027097,1.9550799785099267,1.9630276677016532
1553,1.9532647281619397,1.9548801269676261,1.9629681884866734
1554,1.953264631374051,1.954880106513563,1.9629681359055184
1555,1.9532426055974261,1.9547770410144196,1.9629681256085967
1556,1.9532425573673038,1.954776984529399,1.962946720993819
1557,1.9532424947081297,1.9547476790116605,1.9629467154230278
1558,1.9532424158575867,1.9547472790854536,1.9629466982343078
1559,1.953242331258707,1.9547472511778716,1.9629466672057925
1560,1.9532423249635857,1.954702905804301,1.962904246462083
1561,1.953242275369487,1.9547028614054283,1.9629039256584806
1562,1.9532421961577044,1.9545729808482524,1.9628683637100268
1563,1.953242195344514,1.9544287741022803,1.9627228780476262
1564,1.9532421794907124,1.9544111256503718,1.9626117732767219
1565,1.95324216823272,1.9544111001058466,1.9626117666569363
1566,1.953241922982646,1.9544108522019528,1.9626040977622663
1567,1.9532415763786526,1.9544107943161961,1.9626004783312812
1568,1.9532414073955353,1.9544107841112082,1.962415970091602
1569,1.9532413868561245,1.954360222641264,1.9624158705538395
1570,1.9532413743991948,1.9543602143940348,1.9624142402308997
1571,1.9532413592183708,1.9543602018427626,1.9623928650950877
1572,1.953241355275711,1.954360151354366,1.9623857031707586
1573,1.9532413204207473,1.9543601197037417,1.9623639376171724
1574,1.9532412654229774,1.9543599744356743,1.962363828228539
1575,1.9532410557350555,1.9543598982928136,1.9623637783155485
1576,1.9532406005289404,1.9542739332693095,1.9623636069815797
1577,1.953240584888042,1.9542738586110218,1.9623635949463396
1578,1.9532405800190689,1.9542738412886527,1.9623635151449172
1579,1.953240524659216,1.95425444412705,1.9623635037976683
1580,1.953240304440551,1.9542542647424102,1.9623635016288106
1581,1.9532402806272482,1.9542542491755293,1.9623493603469717
1582,1.9532402428365947,1.9542542311819204,1.9623109736821245
1583,1.953240221880727,1.9542541473657786,1.9623109458505497
1584,1.953240141005886,1.954254025223189,1.9622325980605644
1585,1.9532400170212822,1.9542540242729007,1.9622325062318322
1586,1.9532399709363424,1.9542539418855633,1.9622268496803101
1587,1.9532398663735338,1.9542538200633903,1.9619993101383426
1588,1.9532088403357086,1.9542537543703122,1.9619991848544165
1589,1.9532083450800661,1.954253740651897,1.9619991634777052
1590,1.9532083371725575,1.9542537234390966,1.961999119252137
1591,1.9532082933825174,1.9542501515439474,1.9619990140478352
1592,1.9531340016324368,1.954069709497119,1.961998804657635
1593,1.9531339634897873,1.9540695057195485,1.9619961409705353
1594,1.953133936848044,1.9540676317610541,1.961996100777253
1595,1.9531332152046434,1.9540676270572808,1.9619960656707536
1596,1.9531330114709127,1.9540676012504385,1.961994588417859
1597,1.9531329926510343,1.9540675149358397,1.9619944840720025
1598,1.953132972072162,1.9540672487516855,1.9619789887636707
1599,1.9531329661681387,1.9540672481081158,1.961978888419676
1600,1.9530930612654944,1.954050749589355,1.9619788153713247
1601,1.9530929812865645,1.95405073620922,1.9619786927280445
1602,1.953092939508499,1.954050716427931,1.9619785198543542
1603,1.9530929017170662,1.954050708246789,1.9619700325081553
1604,1.9530908689611455,1.9540506531565454,1.9619700275718353
1605,1.9530743790148442,1.9540505290882852,1.961970015949285
1606,1.9530546830200444,1.9540504887961074,1.9618566731811913
1607,1.9530544640996346,1.9540504686894777,1.9618566307950038
1608,1.9530025188525517,1.9540504246237995,1.961856279673822
1609,1.9528851229957487,1.954050410825392,1.9618561981482334
1610,1.952885055893063,1.9540503984714916,1.961831797933279
1611,1.9528848045580631,1.9540503542210386,1.9618315350952387
1612,1.9528847942079794,1.9540502896926102,1.96183141456269
1613,1.9528847202339363,1.9540501858360948,1.9618314019737713
1614,1.9528846800745467,1.9540501663802072,1.9618313739381295
1615,1.953064771979496,1.9540501227093319,1.9618312762128678
1616,1.9530647662066467,1.9540501185789878,1.9618312323466967
1617,1.9530647629296831,1.9540500463317825,1.961838438191937
1618,1.953064762291329,1.953952993520901,1.9617604678156688
1619,1.9529733615132603,1.9539529858186384,1.961741970652499
1620,1.9529732771698707,1.9539529570449605,1.961741970652499
1621,1.9529732373158741,1.9539529156140865,1.9617414758597782
1622,1.9529156860291643,1.9539527138436426,1.9617414049672461
1623,1.9529156464738922,1.9539515842883228,1.9617411025790645
1624,1.952915292450507,1.9539514864890504,1.961740850037652
1625,1.9529152695661944,1.9539514629549586,1.9617406779836495
1626,1.9529152484385144,1.9539514097246973,1.9617406176998275
1627,1.9529137975153537,1.9539271118495367,1.9617174109158755
1628,1.9529136819001893,1.9539270984976007,1.961717403448252
1629,1.9529136644252423,1.9539270703040834,1.9617173655404767
1630,1.9529134625636395,1.9539268675909394,1.9617173214852026
1631,1.9529133165237267,1.9539267700246217,1.961717259596591
1632,1.9529132001702125,1.9539267567776941,1.9616403702770278
1633,1.952913176943554,1.9539266205629666,1.961640342630611
1634,1.9529131382476617,1.9539265664109828,1.9616401882206163
1635,1.9529130900334812,1.9539265380518651,1.961640107355665
1636,1.9528447653384846,1.9539265150263498,1.9616328144653368
1637,1.9528444540140357,1.9539264786374508,1.9616327673136056
1638,1.952844434654443,1.9539262915765527,1.9616327502398219
1639,1.9528443440701146,1.9539259315676143,1.9616327475961228
1640,1.9528443416461352,1.953840260644379,1.961632705494191
1641,1.9528443243728193,1.9538402434972937,1.9616326771690649
1642,1.9528442285953993,1.9538401953327356,1.9616326352584212
1643,1.952844170875992,1.9538401861335892,1.9616326012472975
1644,1.952839183549324,1.9538401686226332,1.9616325841455895
1645,1.9528297224029572,1.9538401485297185,1.9616320218406214
1646,1.9528710364303326,1.9538400594626364,1.961631908387364
1647,1.952870962382072,1.953840048720145,1.9616318756383124
1648,1.9528550916815697,1.9538399819772323,1.9618548230244073
1649,1.9528550437407184,1.9538398878634673,1.9618548144168944
1650,1.9528503176836303,1.9538398864929205,1.9618547898260006
1651,1.9528502875859457,1.953839602660799,1.9618547898260006
1652,1.9528502760873383,1.9538285935063306,1.961854741734013
1653,1.9528501695509106,1.9538110430427944,1.9618547231693018
1654,1.9528499538650466,1.9538110018727863,1.9618547183431072
1655,1.952849937022671,1.9538109143316496,1.9618546614384855
1656,1.9528262330680095,1.9538108334946331,1.9618546493688591
1657,1.9528261463578707,1.9538108225005282,1.9618546436536335
1658,1.9530228407784194,1.9538108157044158,1.9618545321297736
1659,1.953021949681866,1.9538107950981263,1.9618544846991495
1660,1.9530219351970421,1.953810787514863,1.9618541680895696
1661,1.9530218829302253,1.9538107484752374,1.961854163335494
1662,1.9530217750572854,1.953810746895622,1.961854143010064
1663,1.9530216943002319,1.9537286305407882,1.9618527942044226
1664,1.953021632686271,1.953728525311601,1.9618527733611808
1665,1.9529989305489959,1.9537270209082098,1.9618527393772998
1666,1.95299887932453,1.953726955589297,1.961852714697646
1667,1.952998832077357,1.9537269043849261,1.9618522438956119
1668,1.9529987379735363,1.9537268967507933,1.9618521652665009
1669,1.9529845372452057,1.9537267724294887,1.9618521210001572
1670,1.95298395463306,1.9537267549021287,1.9618519154342575
1671,1.9529514678616415,1.9537266094323527,1.96184604077053
1672,1.952919041417203,1.9537266034998706,1.9618346427947928
1673,1.9529190338758278,1.9537265846616774,1.9618346419034016
1674,1.9528445548171296,1.953726564684694,1.9618346017202206
1675,1.952844412093471,1.9537265579726373,1.9618345063775282
1676,1.9528443639035356,1.9537265459316584,1.9618344424396204
1677,1.9528443569544403,1.953678145473796,1.9618344218664527
1678,1.9528442877979475,1.9536781232090772,1.9618106377350844
1679,1.9528441596049044,1.9536781059057489,1.961810599580037
1680,1.9528437640452843,1.9536778112808528,1.9618104797740135
1681,1.952843762432308,1.9536777821846047,1.9618104339038436
1682,1.9528437467842064,1.9536777513235817,1.9617619601317133
1683,1.9528437265178769,1.9536777123758056,1.9617619449488546
1684,1.9528423081637531,1.9536776838577021,1.9617618866057362
1685,1.9528422338068994,1.9536776764304167,1.9617617780960315
1686,1.9528419812140496,1.953677453817747,1.961745204716231
1687,1.9528419576061502,1.953676076573127,1.9617451790410665
1688,1.9528419213281547,1.9536744831890778,1.9617450932597043
1689,1.9528418787774435,1.9536744690460708,1.9617450644548893
1690,1.9528418407623087,1.9536100298902033,1.961745013053392
1691,1.9528418148855817,1.9536099138768468,1.961745010573013
1692,1.952841714168605,1.9536096732517028,1.9617450045383977
1693,1.9528416728398788,1.9536096370125198,1.9618670182974602
1694,1.952841623519233,1.953609622221114,1.9618670166233072
1695,1.952841620395723,1.953609612217536,1.9618669704618903
1696,1.952841248617617,1.9536096098741613,1.9618669592569795
1697,1.9528408870583158,1.953609586997521,1.961866907771666
1698,1.9528408236406665,1.9536093165176878,1.9618668071973029
1699,1.9528405832053477,1.953609193077848,1.961866792227079
1700,1.9528404673329636,1.9536091664046658,1.961866754324503
1701,1.9528200663218096,1.9536091122920165,1.9618667388564333
1702,1.952820057968002,1.9536090441263156,1.961866617087729
1703,1.9528200495012902,1.9536090377196678,1.9618665880041923
1704,1.9528200402691387,1.9534244091340245,1.9618664878053158
1705,1.9528198859607868,1.9534244058132897,1.9618664112695114
1706,1.9528198701026038,1.953424391680378,1.9618664039450855
1707,1.9528198635122076,1.9533860113885768,1.961866236678009
1708,1.9528194931739185,1.9533859237730204,1.9618468013274848
1709,1.952819466712949,1.953385914081351,1.9618467951186038
1710,1.9528194652496054,1.953345727962927,1.9618444433670985
1711,1.9527869015091956,1.9533456662953612,1.9618713438565594
1712,1.9527867769305145,1.9533456480050138,1.9618713205806098
1713,1.952786754651927,1.9533456135729517,1.9618709555944347
1714,1.9527867015278004,1.9533455723353998,1.9618709450829808
1715,1.9527866546683892,1.9533452942849612,1.9618709366663327
1716,1.9527865642702427,1.9533452901676678,1.961870924439255
1717,1.9527443049777626,1.9533452475307813,1.9618708792186481
1718,1.952744299295028,1.9533452203817192,1.9618706771257293
1719,1.9527442671030404,1.953338271965826,1.9616901713904613
1720,1.952744229598072,1.9533382319457482,1.961630321542763
1721,1.9527440835492862,1.953119642529244,1.961630281295669
1722,1.9527440014008695,1.9531164734100577,1.9616302579854115
1723,1.9527439948624932,1.9531164279260684,1.9616302085953121
1724,1.9527437214212846,1.953116076080022,1.9616301247572436
1725,1.9527437097332037,1.9530934167896907,1.9616300834225158
1726,1.9527436912985012,1.953093353219999,1.961629993869485
1727,1.9526601412678413,1.9530895106937556,1.9616299771892642
1728,1.9526601107336226,1.9530895097552374,1.9616297714836337
1729,1.9526600867539032,1.953089452268461,1.9616118360003716
1730,1.952660002290445,1.9530893902198414,1.9616117975773397
1731,1.9526599735284702,1.9530893527971949,1.9616117819495866
1732,1.9526599542204597,1.953089349431697,1.961611771454103
1733,1.9526599110704932,1.9530893075133184,1.9616117615816269
1734,1.9526598805879471,1.9530893033112053,1.961611425050048
1735,1.9526598759809797,1.9530891815244527,1.961611395655303
1736,1.9526598528865902,1.9530891248255349,1.9616113372149706
1737,1.952656853889085,1.953089121194326,1.9616113096815444
1738,1.9526033691450044,1.9530887830137416,1.9616111943335612
1739,1.9526033410973955,1.9530887546057851,1.9616111249812576
1740,1.9526031685998262,1.9530887469370604,1.9615942375659579
1741,1.9526031296475737,1.9530887431863646,1.961722022115346
1742,1.9526031003757507,1.9530887277570674,1.9617129310600216
1743,1.9526029754813925,1.9530887235570253,1.961712649194298
1744,1.9526029706831445,1.9530886295349768,1.9617126195155277
1745,1.95260289834991,1.9530885736350088,1.9617125692204322
1746,1.9526024995476265,1.9530885486884422,1.9617125576163115
1747,1.9525988745490805,1.9530885397184543,1.9617125478815503
1748,1.9525730564614177,1.953088519133497,1.9616363989951349
1749,1.9525729903167246,1.9530883787401598,1.961636337885729
1750,1.9525729828891591,1.9530883633231888,1.9616363058493462
1751,1.952572612411503,1.9530379698372555,1.9615732379672786
1752,1.9525726055455441,1.9530253065547838,1.961334084427748
1753,1.9525725677170873,1.9530252993136816,1.9613340732917746
1754,1.952572512529954,1.9530252864079707,1.961334061392939
1755,1.9525330334808264,1.953025273290609,1.9613340561737436
1756,1.9525330334808264,1.953024502374178,1.9613339242450178
1757,1.9525330121301432,1.953024490833213,1.961333917342373
1758,1.9525329392557706,1.9530244818770637,1.9613338906436402
1759,1.9525329255580914,1.9530041259165523,1.9613335721926972
1760,1.952532923468568,1.9530041135268723,1.9613335396046137
1761,1.952532910042096,1.9530041098066373,1.9612494666912934
1762,1.9525329071816535,1.9530036100791308,1.9612494302424501
1763,1.9525328583374282,1.9530035944364075,1.9612493940642266
1764,1.95253021828792,1.9530035830413994,1.9611822337026465
1765,1.9525301230027519,1.953003572411374,1.9611806911855674
1766,1.9525300441214564,1.9530035288651584,1.9611806861798593
1767,1.9525297523277205,1.9530033415724446,1.961180649879565
1768,1.95249124969581,1.9530033271864866,1.9611806365816091
1769,1.9523749653568618,1.9530033204372672,1.9611624685180367
1770,1.952374932540786,1.953002966807281,1.9611525270757266
1771,1.9523749289747636,1.9530029575951804,1.9611523893299643
1772,1.9523748565279313,1.9530028056349158,1.9611523561217556
1773,1.952374845232617,1.9530026373482454,1.9611521124685611
1774,1.952359215810958,1.9530025723035362,1.961151796394751
1775,1.9523591507946623,1.9529905485873544,1.9611517589018423
1776,1.9523591468663255,1.9529905341740992,1.9611517368118188
1777,1.9523591444875368,1.9529194149326452,1.961151715353185
1778,1.952356782527005,1.9529193943371894,1.9610127144702176
1779,1.9523567759083273,1.9528870871685338,1.9610121509853642
1780,1.9523566956466898,1.952858526748212,1.9610120992465614
1781,1.9523566807043833,1.9528585262206497,1.9610120868334282
1782,1.9523566807043833,1.9528577714824182,1.9608759914106495
1783,1.9523566708115399,1.9528577569597387,1.9608759798843733
1784,1.9523565136445646,1.9528577261431477,1.9608759151542723
1785,1.9523564956485262,1.952857715835491,1.9608754239656343
1786,1.9523564354997047,1.9528575797604835,1.9608754127301282
1787,1.9524193485602617,1.9528574762209456,1.9608754025295319
1788,1.9524192275727508,1.9528574317884164,1.9608753209788683
1789,1.9524192200408033,1.9528573204415198,1.9608752766839894
1790,1.952419196459026,1.952857303294762,1.9608752321276954
1791,1.9523943863711801,1.952857182145572,1.9608752150446003
1792,1.9523943608422476,1.952857163331482,1.9608675220347722
1793,1.9523942880870833,1.9528570604955158,1.9608672756188883
1794,1.9523942755395027,1.9528570457344399,1.9608672204165967
1795,1.9523942632372364,1.9528570038952326,1.96086720044472
1796,1.952394228901034,1.952856985463806,1.9608666202574865
1797,1.9523941918745662,1.9528568645977729,1.9608665541894568
1798,1.9523941814774675,1.952856784503222,1.9608665474401776
1799,1.952394046402155,1.9528566306945578,1.9608103220967048
1800,1.9523940408425717,1.9528409496921748,1.9608101986619881
1801,1.9523939861638437,1.9528408588834028,1.9608101260012762
1802,1.952393930582167,1.9527661543261299,1.9608101252910737
1803,1.952393900717749,1.9527205519191888,1.9608100624795348
1804,1.9523938954919522,1.9527205514118495,1.960865854594018
1805,1.952393819679687,1.9527204255507393,1.9608538398493416
1806,1.9523938140861188,1.9527203965777593,1.960853638222785
1807,1.9523730986903276,1.9527203722701274,1.960853623493874
1808,1.952373098268968,1.952720363941643,1.9608536189810737
1809,1.9523729091631101,1.9527203175713352,1.960853596431983
1810,1.952372838833287,1.952720310422912,1.9608535819676354
1811,1.952372838114343,1.9527202725696795,1.9608532547038733
1812,1.9523727307315415,1.9525960345600288,1.9608532064114332
1813,1.952372713922166,1.9525960238764875,1.9608531949676122
1814,1.9523726689800596,1.9525954313063385,1.9608531943366798
1815,1.9523725208746225,1.9525953651342538,1.960853144873995
1816,1.9523016401072528,1.9525953412897363,1.9608529686706264
1817,1.9523016144982863,1.9525953136269487,1.9608529661003038
1818,1.952210092493983,1.9525952899383439,1.960852833037247
1819,1.9522099711649943,1.9525952587883468,1.9608528061423836
1820,1.9522098188032293,1.9525952562173836,1.9608526691462047
1821,1.9522095282086211,1.9525952445827435,1.9608525847136717
1822,1.9522094972155115,1.9525952092159478,1.9608253953852537
1823,1.9521898574832743,1.95259494841522,1.9608253126604893
1824,1.9521898329463192,1.95259489239216,1.9608253088004506
1825,1.952189778653211,1.9525948410022955,1.9608253051077196
1826,1.952189774225452,1.9525904516786778,1.9608246171467014
1827,1.9521894060350498,1.9525904384268686,1.960824466715941
1828,1.9521893858319195,1.9525903603539805,1.960824408921804
1829,1.9521888940449887,1.9525903590111007,1.960824404181715
1830,1.9521888835186272,1.952590355791157,1.960784264264774
1831,1.9521888772332836,1.9525903402852087,1.9607841793213956
1832,1.9521888654639203,1.9525901401006898,1.9607748705086694
1833,1.9521888628793391,1.952590135975873,1.9607745042596851
1834,1.9521888190165775,1.952590123926455,1.960774441178508
1835,1.9521888026353706,1.9524223319418694,1.9607136262498912
1836,1.9521540868186995,1.9524223045706202,1.9607136198852309
1837,1.9521540435941327,1.9523874984971423,1.9607136125490938
1838,1.9521540057912827,1.9523874387907991,1.9607135841866472
1839,1.9521539714524145,1.952387294585254,1.9607135669184335
1840,1.9521539575586058,1.9523872792785628,1.96071356546017
1841,1.9521539408126718,1.9523692219546043,1.9607135487803637
1842,1.9521534406695957,1.9523691893690152,1.9606151911861405
1843,1.9521533705536365,1.9523691666556648,1.9605714713483493
1844,1.9521533514076177,1.9523690058857988,1.9605714264028018
1845,1.9521531444957134,1.9523689863029894,1.9605714163690056
1846,1.9521531414849485,1.9523689840107699,1.9605713549361727
1847,1.9521529199475998,1.9523664165253547,1.9605713487157148
1848,1.952152845080151,1.9521531067083726,1.9605713414436974
1849,1.9521367809425398,1.952153074446797,1.9605713018313324
1850,1.9521367760637518,1.9520618739759845,1.960571104403063
1851,1.95213675912964,1.952061849367808,1.9605600197236537
1852,1.9521365947270244,1.9520618398071017,1.9605599922080341
1853,1.9521259019172192,1.9520618303868917,1.960559942622677
1854,1.9521259010468508,1.9518582132763187,1.9605598090210075
1855,1.952125887585462,1.9518581969321023,1.960559796032607
1856,1.9520311695834058,1.9518581825498043,1.960559786768896
1857,1.9520310712181304,1.9518580931125564,1.9605597731098756
1858,1.9520310477134648,1.9518579562532492,1.9605597584184162
1859,1.9520310433854564,1.9518579194903443,1.9605597471360092
1860,1.9520309931560083,1.9518578900909134,1.9605597436829847
1861,1.9520309805693103,1.9518576654513797,1.9605597076921772
1862,1.9520309410876802,1.9518576616818728,1.9605596550947109
1863,1.9520309098600706,1.951814776318435,1.9605596182805614
1864,1.9520309023252536,1.9517939697270235,1.9605595826774906
1865,1.9520308928547658,1.9517939697270235,1.9605594908125823
1866,1.9520308689521642,1.9517939224822123,1.9605594725659512
1867,1.9520103158074593,1.9517939014200052,1.9605594476552521
1868,1.952010298250916,1.9517936294116767,1.9605594025704423
1869,1.9520093700356467,1.9517934968502775,1.9605593749379426
1870,1.952009332317995,1.9517870507767479,1.9605593513290807
1871,1.9520092908857336,1.951785526935037,1.960559278205525
1872,1.9519614840991988,1.9517850430513073,1.9605592182609843
1873,1.9519614613032292,1.9517850352869734,1.9605586395521204
1874,1.9519614201947322,1.951785018836116,1.9605585385847406
1875,1.9519613072874205,1.9517849839324062,1.9605584308301407
1876,1.9519613013857653,1.9517849805708563,1.9605386256648387
1877,1.951961291992705,1.9517849606674174,1.9605385274916591
1878,1.9519608936817308,1.951784955313254,1.9603924046944903
1879,1.9519608698120356,1.9517848616931381,1.9603924001086974
1880,1.9519607314805236,1.951784847440052,1.9603923815624822
1881,1.9519607226311413,1.9517847908816717,1.9603922505446987
1882,1.9519604941152366,1.9517844850309618,1.9603900168229222
1883,1.9519590082734641,1.9517844850309618,1.9603900124101759
1884,1.9519589928086682,1.9517844776130706,1.9603899595878216
1885,1.9519589798510042,1.9517844315912702,1.9603234582449038
1886,1.9519589481436834,1.951784402490907,1.9603234228893924
1887,1.95195887914446,1.9517843555502707,1.9603233505567434
1888,1.9519171265451174,1.9517843442721468,1.9603229231852195
1889,1.9519170677870212,1.9517843379207471,1.9603109776475225
1890,1.9519170222936426,1.9517843210326666,1.9603109602846962
1891,1.9519169632216495,1.9517843102752315,1.9603109392625027
1892,1.9519168351153453,1.95178424499392,1.9603108098379776
1893,1.9519167226131107,1.9517705252978796,1.9603108051885678
1894,1.951882604728512,1.9517705144958317,1.9602792952198254
1895,1.9518825699679603,1.9517705110773793,1.9602059644823062
1896,1.9518825677839415,1.9517705077529794,1.9602059207775442
1897,1.951882503906419,1.9517704410291972,1.960205871880838
1898,1.9518824754855815,1.9517704301497791,1.9602056932772034
1899,1.9518824535869046,1.9517704136303113,1.9602056743504528
1900,1.951882433472206,1.9517704049329152,1.9602056626114237
1901,1.9518663186950918,1.951770327613859,1.9602053232933911
1902,1.9518662964301374,1.951770304049156,1.9601969252267173
1903,1.9518661905769723,1.9517698768598843,1.960196908452425
1904,1.9518661819878762,1.9517698036363613,1.9601968184208198
1905,1.9518660691512082,1.9517695351032842,1.9601465284440214
1906,1.9518659696623195,1.9517695108300845,1.9601464246924198
1907,1.9517951364193609,1.9517695051538546,1.9601463087583855
1908,1.9517951116071501,1.9517694861101698,1.9601463000620698
1909,1.9517950917402935,1.9517694793574678,1.9600763899886229
1910,1.9517950836606914,1.9517694793574678,1.960076356526866
1911,1.9517950836496107,1.9517694575187583,1.9600763226917859
1912,1.9517950806262858,1.951768838843577,1.960045697551824
1913,1.9517949590456531,1.9517687900419194,1.9600329212166412
1914,1.9517949016471958,1.9517687694113846,1.9600328950204002
1915,1.9516519700251733,1.9517687674051478,1.9600325142311041
1916,1.9516519633157425,1.95176875261951,1.9600324877344288
1917,1.9516519599855244,1.951768743636324,1.960032326818192
1918,1.9516519163894523,1.951768718066936,1.9600322971673598
1919,1.9516244592046368,1.9517687011107288,1.959990094436684
1920,1.951601220142116,1.9517686509176477,1.9599900839064552
1921,1.9516012106954999,1.9517669138342646,1.9599900210557801
1922,1.951601196067576,1.9517668640474937,1.9599367549390756
1923,1.9515999344666797,1.9517668599339282,1.9599366785976233
1924,1.9515517160832705,1.9517662616669358,1.9599366780911174
1925,1.9515517053213463,1.9517661858874022,1.959936669213295
1926,1.9515516004444502,1.9517661454982735,1.9599366174967416
1927,1.9515515909852428,1.9517660780455024,1.9599366009864612
1928,1.9515515824716392,1.9517659110363537,1.9599365966085573
1929,1.9515515630065787,1.9517658811023653,1.9599365202793197
1930,1.9515515476604335,1.951765867374034,1.9600750478368265
1931,1.9515515092013418,1.9517658309747443,1.9600746303559022
1932,1.9517150052441072,1.9517658123975257,1.9600746035743668
1933,1.9517149124849296,1.9517658057215752,1.9600745923463387
1934,1.9516785744481997,1.9517658033881353,1.9600613995128713
1935,1.9516785713139535,1.951748969196109,1.960026348890003
1936,1.951678483879691,1.951748898760733,1.9600263452406594
1937,1.9516469874946472,1.9517488523925874,1.96002634161737
1938,1.9516469423313905,1.9517488502258817,1.9600263300755394
1939,1.951646900659319,1.9516449170782695,1.9599633564062504
1940,1.9516468982471737,1.9516447846402494,1.9599632233802926
1941,1.9516466939248396,1.9516447624156776,1.9599631176164103
1942,1.9516466911127401,1.9516447613954553,1.9599539022772832
1943,1.951626189292397,1.951644756928836,1.9599526706957129
1944,1.9516261829924715,1.951644723160699,1.959952658547393
1945,1.9516261807679551,1.9516447209210852,1.959952220115549
1946,1.951626174837872,1.951644699074539,1.9599521839184988
1947,1.951626150078394,1.9516444273482283,1.9598679565745054
1948,1.9516091604707904,1.9516444156539958,1.9598678463717512
1949,1.9516091574451695,1.9516443992210641,1.9598678349527625
1950,1.9516091566319944,1.9516443553752802,1.9598678208277753
1951,1.9516089798885063,1.9516442097377764,1.9597547090891048
1952,1.9516088659140927,1.9516441919908398,1.9597546870096458
1953,1.951608860051267,1.9516440323240845,1.9597546776275785
1954,1.951608856560791,1.951644024836022,1.959754650098641
1955,1.9516088109464895,1.9516440175651095,1.9597545898233917
1956,1.9516087785201173,1.951644011746523,1.9597545824370455
1957,1.951608770905045,1.9516440071091805,1.959754551304559
1958,1.9516086653312177,1.951643703298384,1.9597545366058413
1959,1.951608512273794,1.9516436139737698,1.9597408456208008
1960,1.9516082995591533,1.9516436053828592,1.9597408414874211
1961,1.9516082015273712,1.9516435457821635,1.9597408078640028
1962,1.9516081537737349,1.9516434883011593,1.9597328278785167
1963,1.9516080437729968,1.9516433551378984,1.9597328249407386
1964,1.951601900382029,1.9516432968210409,1.9597325103990015
1965,1.9516018425099717,1.9516432661080476,1.9597324660718252
1966,1.9516018138449276,1.9516432578423748,1.9597323727569238
1967,1.951601751776223,1.951643164573655,1.9597322362510865
1968,1.951600938121774,1.9516429524121728,1.9597322261836463
1969,1.951599006625266,1.951642944591241,1.95973221750506
1970,1.95159271640978,1.95164211352295,1.9597322127737822
1971,1.9515927030621545,1.951642071417544,1.9597321986417995
1972,1.9515927028624867,1.9516420711187346,1.9597321286321605
1973,1.95159258588986,1.9516420282596811,1.9597321155553822
1974,1.9515925697770968,1.9516420282596811,1.9597259550816275
1975,1.9515925501510065,1.951642017412404,1.9597259105301006
1976,1.951592533064502,1.951641995800652,1.9597258621034326
1977,1.9515925199113686,1.9516418927479213,1.9597258468088559
1978,1.9515709527267084,1.95164176484702,1.9597257525951703
1979,1.9515709301040436,1.9516417325738802,1.9597257116068123
1980,1.9515708900077118,1.9516417269578723,1.9597256561059706
1981,1.9515708875432671,1.9516417070296528,1.9597256097796718
1982,1.9515708305244739,1.951641688758742,1.9597256049891123
1983,1.9515708109721845,1.9516085804421373,1.9596843305592224
1984,1.951570784232131,1.9515181763269314,1.9596843281336098
1985,1.951570782671811,1.9515180294752392,1.9596827660728064
1986,1.9515705153340528,1.9515180100198921,1.9596826295676102
1987,1.9515704370011164,1.9515179964916471,1.9596826251003563
1988,1.951570313969225,1.9515162402663966,1.959830083183969
1989,1.9515703112146308,1.9515162306033988,1.9598300588882818
1990,1.9515702999699558,1.9515162278288176,1.9598300559306885
1991,1.9515639654864885,1.9515161411802668,1.9598299832558637
1992,1.9515639054156362,1.951516120847656,1.9598299714804581
1993,1.9515638876700525,1.9515160000219924,1.9598299661080942
1994,1.95134543239539,1.9515157074358285,1.9598299307746982
1995,1.9513451834683337,1.9515156214977443,1.9598299219537616
1996,1.9513451559221588,1.9514300021647557,1.9598298996635504
1997,1.9513451160416122,1.9514297022053377,1.9598298357881596
1998,1.9513451114581346,1.951429677934821,1.9598298303664088
1999,1.9513450966860189,1.9514296585161295,1.9598067196722186
2000,1.9513450270228405,1.9514295748785901,1.959805910428667